4925
4927
4932
4934
4935
4936
4952
7705
4948
4929
4932
4934
4935
4936
4947
4951
7700
4958
4942
4975
4974
4968
4973
7920
4950
4958
4964
4942
4939
4979
4976
7934
4929
4927
4932
4936
4941
4945
4952
7694
4948
4940
4941
4948
4958
4962
4967
4968
4992
7912
4935
4936
4940
4941
4942
4949
4952
7683
4948
4981
4982
4994
4995
4996
5022
8773
4929
4941
4944
4947
4951
4954
4959
7907
4940
4941
4942
4943
4945
4952
4958
4982
7908
4940
4945
4961
4967
4974
4976
4980
4982
7921
4940
4942
4943
4950
4952
4958
4962
4967
4982
7913
4948
4940
4943
4945
4948
4950
4952
4958
4982
7914
4942
4950
4959
4961
4964
4967
4973
4978
5000
7922
4929
4962
4972
4974
4980
5023
7936
4942
4975
4973
4974
4982
4996
5008
5028
8774
8775
4935
4936
4940
4941
4949
4951
7699
4927
4935
4936
4940
4942
4943
4945
4963
7695
4954
4974
4976
4984
4990
4994
4996
5029
7947
4950
4954
4973
4978
5002
5008
5011
5026
8760
5544
4978
4989
5003
5002
5006
5011
5027
7951
5544
4978
4981
4989
4993
5002
5006
5011
5024
8759
4929
4942
4978
5003
5002
5004
5006
5021
8761
4942
4959
4974
4981
4989
4993
5008
4975
8758
4927
4936
4940
4976
4981
4986
5009
7932
5038
5039
5040
5041
5042
5044
5046
8771
8772
4927
4937
4981
4986
4988
4997
5009
5025
7945
5544
4937
4981
4986
4995
4997
5010
8769
4927
4940
4937
4976
4986
5009
7944
4927
4938
5544
4937
4984
5014
7933
5544
4937
4997
5009
7946
4940
4976
4986
5013
8770
5038
5039
5040
5041
5042
7949
4869
4870
4776
4871
4872
4874
4876
4885
7707
4869
4870
4776
4871
4872
4874
4876
4885
7685
4869
4870
4871
4872
4873
4874
4876
4883
4885
7678
4869
4871
5460
4872
4874
4875
4885
4888
4903
7686
4925
4926
4928
4930
4946
7679
4925
4926
4928
4930
4934
4946
7688
4926
4928
4930
4931
4934
4936
4946
7709
4928
4931
4941
4946
4948
4952
4956
7682
4925
4926
4928
4930
4931
4934
4936
7681
4869
4776
4872
4873
4875
4877
4878
4885
7680
4869
4872
4874
4877
4878
4879
4885
4897
7710
4872
4874
4877
4878
4879
4881
4882
4885
7712
4869
4873
4875
4877
4878
4879
4881
4915
7690
4873
4878
4880
4884
4886
4890
4892
6185
7903
4870
4875
4877
4878
4879
4881
4914
7691
4931
4933
4943
4944
4947
4948
4952
4970
7697
4869
4876
4885
5461
4890
4891
4898
4903
10123
7909
4883
4886
4891
4895
4896
4898
4901
4903
4913
7915
4869
4874
4888
4892
4894
4896
4900
4902
5462
4917
7924
4933
4945
4974
4983
4987
4998
7925
4948
4965
4975
4974
4987
4990
4999
5001
7938
4942
4948
4965
4974
4981
4987
4990
4991
4999
5001
7939
4948
4950
4965
4970
4978
5003
5012
7940
4974
4978
4979
4987
4993
5001
5011
5031
8752
4870
5460
4874
4877
4878
4879
4881
4885
4916
7687
4869
4869
4879
4881
4884
4885
4904
4912
7684
4887
5461
4893
4894
4900
4901
4902
7926
4869
4872
4898
4901
5462
4903
4904
4907
4921
7941
4898
5462
5466
4906
4908
4909
4910
4918
8755
8756
5460
4874
4880
4881
4882
4888
4920
7693
4869
5462
4904
5466
4907
4908
4909
4919
4923
7950
4941
4943
4953
4954
4955
4957
4959
4995
5015
7905
4933
4941
4948
4949
4953
4955
4957
4959
4992
7904
4953
4954
4957
4973
4974
4978
4981
4988
5020
7927
4870
4878
4879
4881
4893
4895
4899
4911
7910
4870
4874
4878
4879
4881
4885
7711
4869
4870
4884
4886
4887
4889
4983
4911
7906
4929
4931
4934
4935
4936
4948
4952
7714
4925
4939
4943
4950
4944
4948
4952
7706
4869
4899
4900
4903
4904
5466
4909
4910
4924
8764
4929
4931
4935
4936
4959
7692
4929
4931
4935
4936
4959
4960
7698
4929
4936
4939
4950
4944
4959
4960
7689
4931
4939
4943
4944
4950
4971
7704
4931
4939
4943
4944
4950
4971
7702
4955
4958
4959
4967
4974
4985
7918
4925
4932
4934
4936
4947
4905
7708
4967
4973
4987
4989
4990
4993
4996
6191
5017
7942
4948
4955
4959
4965
4966
7911
4947
4950
4966
4979
4987
4989
5007
7928
4948
4955
4965
4966
4969
4979
4984
7929
4977
5032
5034
5035
5036
5037
5043
7931
8768
5032
5033
5034
5035
5036
5037
5045
7930
4970
4978
4989
5003
5004
5006
5011
5019
8767
4929
4978
4981
4984
4989
4993
4995
5005
5018
7943
4925
4932
4934
4936
4947
4905
7713
4925
4932
4934
4936
4947
7696
4939
4942
4950
4975
4978
7935
4950
5544
4973
4978
4981
4993
5005
5006
8776
5544
4978
4981
4989
5002
5006
5011
5030
8762
8763
4970
4978
4989
5003
5004
5006
5012
8766
4929
4931
4935
4936
4959
7703
4929
4944
4938
5544
7902
4933
4941
4943
4953
4954
7916
4981
4989
4991
4955
4988
5016
7937
4925
4932
4934
4936
4947
7701
4898
4900
5462
5466
4906
4910
7948
4870
4869
5462
4904
5466
4911
4922
8757
4938
4970
4978
5002
5005
8765
4874
4885
4886
4891
4895
4896
4898
4906
7917
4869
4932
4945
4942
4951
4963
4968
4973
4975
7923
4935
4943
4948
4952
4959
4965
4978
5011
7919
4871
4874
4886
4902
4896
5462
4888
4917
4920
8753
4869
4886
4897
4911
4904
4913
4914
4923
4919
8754
4937
12718
12762
15626
12714
12716
12724
12799
12766
16745
4937
12713
12715
12726
12796
13728
16746
4937
12715
12718
12727
12837
14216
17563
17577
17592
12725
12824
12809
12823
29678
15627
4937
12713
12715
12720
12738
12737
12719
14219
15439
17578
4937
12715
12719
12720
12748
12817
24557
15628
12719
12720
12715
12765
12763
14217
23073
16756
12721
12741
12722
12740
12769
13729
17566
15629
12721
12733
12741
12729
12761
12722
16747
12721
12733
12722
12729
12767
12750
15630
12741
12722
12764
12802
12828
14211
17582
12745
12754
12772
12787
12820
15631
12754
12755
12759
12772
12826
16751
12745
12754
12772
12755
12787
12786
30488
17583
12754
12759
12787
12800
12832
14215
17584
17588
12757
12780
12790
12756
12783
12804
12819
29673
15632
12722
12730
12757
12818
12781
12752
14212
33219
16748
12757
12747
12780
12756
12818
12830
14220
17562
17585
17590
12790
12747
12780
12757
12730
12831
12836
13732
30492
16754
12731
5544
12743
12768
15633
12758
16749
36662
12731
12742
12792
12782
17565
23075
17586
12753
12795
12760
12771
12793
12797
13731
15634
12753
12795
12760
12805
12770
12794
12821
16742
12753
12760
12805
12784
12789
12813
12835
14214
17587
17593
12757
12731
12730
12728
12739
12802
33220
15635
12757
12731
12730
12818
12749
12829
17564
17579
12723
12734
12732
12744
12736
14213
16750
12734
12753
12735
12746
12822
12785
12798
30490
15636
12723
12753
12810
12814
12834
13730
16743
17591
12776
12773
12812
12775
31134
15637
12776
12773
12812
12788
12801
16752
12776
12778
12815
12807
14218
17580
12791
12811
12777
12818
12803
31771
15638
12791
12779
12777
12751
12774
31770
16753
12753
12805
12808
12806
12785
12833
12825
12813
17581
12776
12778
12815
12816
12827
13727
16744
17589
12828
12768
12728
12730
12731
12818
12731
12734
12732
12744
12736
12732
12735
12736
12744
12834
12814
4953
4954
4957
4973
4974
4978
4981
4988
5020
7927
4869
4886
4897
4904
4913
4914
4923
4919
20524
20143
20092
20112
20113
20110
20054
22396
23063
20092
20093
20037
20786
24214
24993
20092
20094
20112
20109
20018
21176
23054
24560
24882
20092
20094
20112
20099
20110
20034
22393
30491
24883
20092
20095
20096
20097
20098
20048
24558
23065
17950
20112
20101
20102
20022
20100
30489
24215
17952
20093
20106
20107
20108
20032
22390
23074
24884
20112
20104
20105
20038
20103
23066
20123
20111
20787
24885
20046
20123
20111
24886
20137
24887
20052
20053
21177
22397
23055
23056
24203
24204
24994
20123
20111
20124
24890
20123
20028
20115
20116
20114
23067
20123
20027
20117
20119
33222
24888
20118
20120
20123
20020
20119
24561
24889
20120
20123
20119
20021
24216
20123
20119
20122
20051
20121
31129
23068
20036
20126
20127
20128
20132
24892
20127
20138
20129
20133
20030
24893
20023
20127
20129
20131
20133
24218
22668
22675
22685
22692
20126
20127
20130
20140
20024
21178
24217
22670
22678
22681
22687
20127
20129
20133
20134
20044
22398
23069
22674
22677
22680
22684
20126
20128
20132
20031
20135
33223
23070
22676
22686
22690
23171
20125
20080
24891
24995
22669
22671
22691
22693
20042
20055
20058
20056
20057
23057
20029
20062
20056
20059
20060
20061
24205
20026
20064
20065
20057
20063
22392
24206
20049
20058
20064
20066
20785
24207
24990
20058
20082
20083
20136
20081
20142
24559
23058
20082
20084
20085
20086
21174
23072
23059
20087
20033
20057
20088
20788
24208
17949
20090
20047
20091
20089
22389
33221
24209
20066
20067
20068
23071
23060
24991
20045
20070
20056
20050
20066
20069
23061
20072
20066
20071
20043
20789
24210
20050
20073
20075
20074
24212
20066
20069
20076
20077
20073
22391
24211
20056
20079
20141
20078
20019
21175
24881
20025
20039
20035
20041
20040
22394
23062
24992
20092
20112
20113
20110
23064
20137
20123
20036
20125
22395
24213
27417
27411
27412
27414
27413
33316
27417
27411
27415
27416
30432
27417
27411
27410
27418
28065
26746
27425
27427
27426
27431
30433
27425
27427
27426
27433
27432
32049
27425
27428
27429
27430
27434
28189
38792
28067
27425
27429
27430
27435
33317
27425
27428
27436
27437
39810
28925
33239
27516
27523
27524
27525
27527
27526
27438
27439
27440
27441
27442
30434
27438
27440
27443
28190
39815
32050
27438
27439
27440
27444
28926
27438
27439
27445
28068
27449
27448
27446
26747
27451
27450
28193
30487
33318
27449
27448
27447
27452
27453
38793
33319
33240
27449
27446
27447
27457
27454
27455
27456
38810
32051
27419
27420
27422
27421
27423
27424
28066
27458
27459
27462
27460
27461
28069
33241
27465
27459
27461
27466
26749
27467
28927
27458
27459
27463
27460
27464
28192
39809
33320
27470
27471
27475
27474
28191
38798
30435
27470
27479
27469
27476
27477
30593
28070
33242
26750
27470
27479
27469
27472
27478
32052
27470
27479
27472
27468
28928
27470
27471
27469
27481
33322
26748
27470
27479
27473
33321
27470
27479
27472
27480
41300
41301
30436
27482
27486
27484
27490
27491
38799
28071
33243
27482
27486
27487
27485
27492
32053
27482
27486
27489
27488
27483
28929
27482
27486
27489
27488
27484
27493
30437
27482
27487
27485
27494
33323
27497
27495
27499
27501
27502
28930
27497
27495
27499
27504
27503
32054
27497
27496
27499
27500
27505
28719
33325
33244
27497
27496
27506
27507
27508
39816
33326
27497
27496
27500
27509
27510
30438
27497
27496
27511
27498
27512
38812
28072
27497
27496
27513
27498
27514
27515
38814
30439
26751
28937
28938
29723
29719
28942
28939
29734
29721
29784
29744
29766
29749
29750
29754
29752
29753
29751
29782
29756
29788
29722
29739
28941
29724
29740
29725
29726
29727
29785
29745
29757
29758
29759
29779
29761
29760
29763
29755
29765
29789
29728
29729
29730
29731
29735
29733
29742
29732
29787
29746
29775
29767
29768
29769
29770
29762
29772
29780
29774
29790
29736
29737
29738
29718
28940
29741
29720
29743
29786
29747
29748
29776
29777
29778
29773
29771
29781
29764
29783
29791
27482
27486
41302
41298
41299
33324
32055
32056
32057
32058
32059
32060
32061
32062
32063
32064
32065
32066
32067
32068
32069
32070
32071
32072
32073
32074
32075
32076
32077
32078
32079
32080
32081
32082
32083
32084
32085
32086
32087
32088
32089
32090
32091
32092
32093
32094
32095
32096
32097
32098
32099
32100
32101
32102
32103
32104
32105
32106
32107
32108
32109
32110
32111
32112
32113
32114
36385
36386
36387
36388
36389
36679
36390
36392
36393
36394
37845
36390
36395
36396
38830
36397
36399
36400
35604
36402
36680
36397
36403
36398
36404
36405
38831
36397
36407
36398
36408
37846
36397
36409
36398
36410
39912
36411
39879
36397
36412
36398
36414
41401
41407
36415
36417
36418
36419
36681
36420
36421
36422
36423
37847
36420
36421
36425
36426
36427
36663
38935
41402
36420
36421
35605
36430
41061
38832
36431
36432
36434
36435
36682
36436
36438
36439
36440
39880
36436
36438
36441
36442
36660
37848
35849
36436
36443
36444
36446
38833
36436
36443
36447
36448
36449
37697
41403
36450
36451
36452
36453
36454
36686
39881
41408
35606
36457
36456
36458
36459
36683
41409
35606
36460
36456
36461
36462
41059
37849
36463
36465
36466
36467
41058
37850
36468
36470
36471
36472
41404
41411
36468
36470
36473
36475
38834
35850
36476
36478
36477
36479
36480
37853
36476
36481
36477
36485
39240
39883
36476
36484
36477
35607
38836
41410
36487
36489
36488
36491
38835
36487
36492
36488
36494
36684
36487
36495
36488
36496
36497
41419
39882
36503
36499
36501
36502
37851
36505
36503
36499
36505
41405
36506
36507
36509
36510
36511
36512
36513
36685
36612
36506
36507
36508
36514
36515
36516
36517
37852
36506
36507
36508
36518
36519
36520
36521
41406
41412
40524
40522
40523
40521
40525
40526
40527
40528
40529
40530
40531
40532
40533
40534
40535
40536
40537
40538
40539
40540
40541
40542
40543
40544
40545
40546
40547
40548
40549
40550
40551
40552
40553
40554
40555
40556
40557
40558
40559
40560
40561
40562
40563
40564
40567
40566
40565
40568
40569
40570
40571
40572
40573
40574
40575
40576
40577
40578
40579
40580
40581
40582
40583
40584
40585
40586
40587
40588
40589
40590
40591
40592
40593
40594
40595
40596
40597
40598
40599
40600
43664
43665
43666
44339
43667
43668
43669
43670
43671
44336
47988
43667
43672
43673
43674
43903
49794
43675
43676
43677
43678
43679
44340
43680
43681
43682
43683
43684
43685
43686
43687
43688
43905
46189
43689
43690
43691
43692
43693
44334
47989
43689
43690
43694
43904
44341
43689
43690
43695
43696
43697
47990
43698
43699
43700
46190
43698
43699
43701
43702
43703
49795
43704
43705
43706
43707
46249
49796
43708
43709
43710
43711
44337
43708
43709
43712
43713
43714
43715
43716
43717
43718
44343
43715
43716
43719
43720
47991
43715
43716
43721
43722
44335
47992
43723
43724
43725
43726
43727
46191
43728
43729
43730
43731
46192
43732
43733
43734
43735
49797
43732
43734
43736
43737
49798
43732
43734
43738
43739
43740
43732
43734
43741
43742
43732
43734
43743
43744
44338
43745
43746
43747
43748
43749
44342
43750
43751
43752
43753
44345
43750
43751
43754
43755
43756
47993
43757
43758
43759
43760
43761
46779
43757
43762
43763
43764
43906
44347
46193
43765
43766
43767
43768
46194
43765
43766
43769
43770
44346
43771
43772
43773
43774
47994
46188
43771
43772
43773
43775
49799
43776
43777
43778
43779
44344
43780
43781
43782
43783
47995
43780
43781
43784
43785
46195
43780
43781
43786
43787
49800
43788
43789
43790
43791
43792
46196
43788
43789
43793
43794
43795
43796
43797
43798
43799
49801
20123
20119
29994
29995
30000
30001
29994
29995
29996
29997
29994
29995
29998
29999
30002
30003
30004
30006
30010
30002
30003
30005
30007
30011
30002
30003
30004
30008
30012
30002
30003
30005
30009
30013
31586
31587
31588
31589
31578
31579
31580
31581
31582
31583
31584
31585
31590
31591
31592
31596
31600
31590
31591
31593
31597
31602
31590
31591
31594
31598
31601
31590
31591
31595
31599
31603
31590
31591
30006
30007
30010
30011
31590
31591
30008
30009
30012
30013
32890
32891
32892
32893
12828
12768
13740
13737
13738
32882
32883
32884
32885
12728
12730
12731
12818
13740
13737
13738
32886
32887
32888
32889
12731
13737
13738
32894
32895
32896
32900
32904
12734
12732
12744
12736
13733
32894
32895
32897
32901
32905
12732
12735
12736
12744
13734
13736
13733
32894
32895
32898
32902
32906
12834
12814
13734
13733
32894
32895
32899
32903
32907
32894
32895
30006
30007
30010
30011
31596
31597
31600
31602
32894
32895
30008
30009
30012
30013
31598
31599
31601
31603
36503
36501
36503
36499
36503
36501
36503
36505
36503
36505
36499
45693
45694
45695
45696
45697
45698
45699
45700
45701
45702
45703
45704
45705
45706
45707
45708
45709
45710
45711
45712
45713
45714
45715
45716
45717
45718
45719
45720
45721
45722
45723
45724
45725
45726
45727
45728
45729
45730
45731
45732
45733
45734
45735
45736
45737
45738
45739
45740
45741
45742
45743
45744
45745
45746
45747
45748
45749
45750
45751
45752
45753
45754
45755
45756
45757
45758
45759
45760
45761
45762
45763
45764
45765
45766
45767
45768
45769
45770
45771
45772
45773
45774
45775
45776
45777
45778
45779
45780
45781
45782
45783
45784
45785
45786
45787
45788
45789
45790
45791
45792
45793
45794
45795
45796
45797
45798
45799
45800
45801
45802
45803
45826
45827
45828
45829
45830
45820
45821
45822
45823
45824
45825
45831
45832
45833
45834
45835
45836
45837
45838
45839
45840
45865
45866
45867
45868
45869
45870
45871
45872
45873
45874
45875
45876
45804
45805
45806
45807
45808
45809
45841
45842
45843
45844
45845
45846
45810
45811
45812
45813
45814
45847
45848
45849
45850
45851
45877
45878
45879
45880
45881
45882
45853
45857
45854
45855
45858
45856
45883
45884
45885
45886
45887
45888
45815
45816
45817
45818
45819
45859
45860
45861
45862
45863
45864
45889
45890
45891
45892
45893
45894
45907
45908
45909
45910
45911
45912
45895
45896
45897
45898
45899
45900
45901
45902
45903
45904
45905
45906
45913
45914
45915
45916
45917
45918
45919
45920
45921
45922
45923
45924
45925
45926
45927
45928
45929
45930
45931
45932
45933
45934
45935
45936
45937
45938
45939
45945
45946
47422
47423
47424
47425
47426
47427
47428
47429
47430
47431
47432
47433
47434
47435
47436
47437
47438
47439
47440
47441
47442
47443
47444
47445
47446
47447
47448
47449
47450
47451
47452
47453
47454
47455
47456
47457
47458
47459
47460
47461
47462
47463
47464
47465
47466
47467
47480
47481
47482
47483
47484
47485
47486
47487
47488
47489
47490
47491
47492
47493
47494
47495
47496
47497
47498
47499
47500
47501
47502
47503
47504
47505
47506
47507
47508
47509
47510
47511
47512
47513
47514
47515
47516
47517
47518
47519
47520
47521
47522
47523
47524
47525
47526
47527
47528
47529
47530
47531
47532
47533
47534
47535
47536
47537
47538
47539
47540
47541
47542
47543
47544
47556
47557
47558
47559
47560
47561
47562
47563
47564
47565
47566
47609
47610
47611
47612
47613
47632
47633
47634
47635
47636
47637
47638
47639
47640
47641
47642
47643
47545
47546
47547
47548
47549
47550
47567
47568
47569
47570
47571
47572
47551
47552
47553
47554
47555
47573
47574
47575
47576
47577
47614
47615
47616
47617
47618
47619
47579
47580
47581
47582
47583
47584
47626
47627
47628
47629
47630
47631
47650
47651
47652
47653
47654
47655
47668
47669
47670
47671
47672
47673
47656
47657
47658
47659
47660
47661
47662
47663
47664
47665
47666
47667
47674
47675
47676
47677
47678
47679
47680
50090
50091
50092
50093
50094
50095
50096
50097
50098
50099
50100
50101
50102
50103
50104
50105
50106
50107
50108
50109
50110
50111
50112
50113
50114
50115
50116
50117
50118
50119
50120
50121
50122
50123
50124
50125
50126
50127
50128
50129
50130
50131
50132
50133
50134
50135
50136
50137
50138
50139
50140
50141
50142
50143
50144
50145
50146
50147
50148
50149
50150
50151
50152
50153
50154
50155
50156
50157
50158
50159
50160
50161
50162
50163
50164
50165
50166
50167
50168
50169
50170
50171
50172
50173
50174
50175
50176
50177
50178
50179
50180
50181
50182
50183
50184
50185
50186
50187
50188
50189
50190
50191
50192
50193
50194
50195
50196
50197
50198
50199
50200
50201
50202
50203
50204
50205
50206
50207
50208
50209
50210
50211
50212
50213
50214
50215
50216
50217
50218
50219
50220
50221
50222
50223
50224
50225
50226
50227
50228
50229
5106
5488
4
6
5106
5488
2
7
5107
5433
5110
6
5519
5268
5269
7
5509
5380
5396
5050
3
4
4832
4818
5051
5514
4
5540
5343
5539
4795
4
7736
15867
4824
5342
4782
4780
2
7718
15865
4809
4803
5
7725
5509
5380
5396
5
5498
4828
5516
5
5383
5534
5402
5
5383
5534
5402
5352
4
5385
4805
4
5271
6
4810
5386
5405
4
7727
4796
5541
4834
7030
4
5535
4806
5388
3
4778
5341
5560
4823
7
7717
15870
4822
4788
4789
5559
5
7722
7723
4813
5359
3
5390
5409
5562
3
4798
5360
5346
3
7741
4829
4777
4779
7
7716
7735
4781
5538
4830
6
7737
15869
4804
4784
4783
4808
5
7719
7726
15868
5820
12
6
4786
6
4811
5
7728
5599
3
4787
5563
7031
2
7720
5113
5491
3
5155
5153
5154
5270
3
5144
5142
5525
3
4785
4820
7029
3
7715
15866
4797
4835
4836
4821
2
7721
7738
7739
5819
10
4
4812
5542
4819
6145
5
7729
7740
5815
8
2
5817
9
3
5818
5816
11
5
4790
4839
4843
7011
6
10097
4837
5543
4791
4838
7
7742
7743
4807
5391
4844
4842
7
7744
5814
13
7
4841
4814
3
7730
4840
4793
4792
7
6146
5536
3
7731
4845
5564
4815
5054
5
7732
8
2
13
7
5393
5414
4
5351
4831
6
4846
5055
7012
6
5272
7010
5
7
7765
5133
5513
5
5107
5433
5110
5124
7
5432
4
6
5111
7
5130
5132
5524
2
5129
5465
3
5814
13
7
6
5599
2
5229
5230
3
5152
5156
5157
5
5125
5521
2
5528
5523
6
5819
10
4
7761
5815
8
2
7764
5820
12
6
5527
5231
5
5137
5114
6
10094
5136
5138
7008
4
5139
5134
5135
7
5141
5168
3
3
5818
5816
11
5
7758
5143
5140
2
5145
5115
5
5128
5
5526
4
5116
5439
5458
5263
4
5131
5
10
4
7762
9
3
10092
11
5
7759
5518
5228
5267
6
12
6
5817
9
3
5395
10099
10335
5547
10099
10335
5537
10099
10335
4816
7734
10099
10335
14
15
16
17
18
19
10099
10335
5350
10098
10099
10335
5545
10098
10099
10335
5546
6209
10098
10099
10335
6147
7733
10099
10335
6148
7724
10099
10335
4800
10098
10099
10335
5121
10095
10099
10335
5118
6199
10095
10099
10335
6152
10099
10335
5158
10099
10335
5273
10099
10335
14
15
16
17
18
19
10099
10335
7590
10099
10335
7592
10099
10335
7595
5365
10099
10335
7591
10098
10099
10335
7593
10098
8024
10099
10335
7594
10098
10099
10335
7588
5150
5149
10095
10099
10335
7589
5147
5148
10095
10099
10335
5146
5151
10095
10099
10335
7760
14
10099
10335
7763
7610
10099
10335
7766
19
10099
10335
7611
10099
10335
5
6
3
5
8031
10099
10335
8030
10099
10335
5120
10095
10099
10335
5394
10099
10335
9518
10099
10335
9519
10099
10335
10096
10098
10093
10095
10099
10335
5126
5108
9
12551
12559
9
12534
12554
12555
5109
12941
8
12537
12553
12552
12631
5112
8
12531
5162
5161
9
12557
13760
17558
9
12556
12560
13760
14190
17561
8
12558
5127
13760
17557
5117
12942
10
12535
12532
12539
13759
13761
14955
17559
11
12632
12533
13760
17560
12
13
5384
5403
9
12578
12585
8
12893
12597
12883
9
12880
12598
8
12878
12885
11
12879
12586
12891
13763
13764
13
12579
12642
12643
14956
17558
9
12638
13762
17561
8
12640
13762
17559
11
12887
13762
17560
12
12639
12641
13762
17557
10
5218
15949
5224
12967
12
18
32970
32971
32972
32973
32974
32975
32977
5214
15949
5220
12966
8
14
32976
32978
32979
32980
32982
5214
15949
5220
12966
8
14
32981
32983
32985
5214
15949
5220
12966
8
14
5218
15949
5224
12967
12
18
12901
5159
12538
5226
5163
12536
14148
12540
5160
12945
12971
33148
12972
33149
12973
33150
15948
10
16
12971
33148
12972
33149
12973
33150
15948
10
16
12970
33147
12968
12969
15948
11
17
12970
33147
12968
12969
15948
11
17
12970
33147
12968
12969
15948
11
17
20010
33152
23220
8
14
12877
12882
12884
13767
13768
12896
13765
10335
12899
12943
12889
12944
12897
12898
12900
4833
12903
14154
20011
33153
23220
9
15
12634
12902
12904
12587
14957
15647
20009
23220
12
18
14151
15646
32984
32986
32987
32992
32993
32994
32995
32996
14159
14160
11
19937
23221
9
15
16724
16726
16725
5392
16721
16722
16723
20144
20145
20154
20162
20163
20171
20144
20146
20155
20164
20172
20179
20147
20155
20156
20165
20173
20180
20147
20145
20157
20166
20174
20181
20148
20158
20156
20167
20175
20182
20149
20150
20159
20176
20183
20184
20151
20152
20160
20168
20169
20177
20153
20151
20161
20170
20185
20178
20186
20198
20199
20209
20217
20226
21179
20187
20188
20200
20211
20218
20228
20189
20190
20201
20212
20219
20229
20191
20192
20202
20213
20221
20231
20193
20203
20204
20213
20232
20222
20194
20195
20205
20214
20223
20235
20196
20195
20206
20215
20224
20236
20197
20207
20208
20216
20225
20237
20174
20179
20209
20217
20210
20227
20528
20211
20212
20219
20228
20220
20230
17951
20221
20222
20232
20231
20233
20234
20214
20224
20223
20225
20238
20239
19910
20780
20782
10
19871
19969
17941
23149
10
19951
17942
24567
35847
13
19872
19953
24568
8
5232
19950
20007
23148
11
20006
23151
13
19954
17943
24571
8
19957
24570
9
19952
19955
19956
24569
12
19968
19970
19973
17944
19972
19971
19907
19959
21085
19958
19976
19868
20780
20782
8
19930
19851
19936
8
19931
19863
24567
35847
13
19908
5389
24568
10
19917
19982
19853
17945
23149
8
19862
19864
17946
13
19881
19979
19879
23151
13
19861
19850
19859
19856
23148
12
19870
19932
19869
24571
8
19933
24570
9
19858
19912
19989
12
19855
19913
19911
19854
10
19916
33151
23221
10
16
19866
19867
19915
19914
24569
11
20012
23221
11
17
19860
19852
19918
19865
19857
17948
19934
19991
21086
19880
17947
13
20165
20174
20171
20209
20226
21180
20783
20784
11
20783
20784
12
20781
13
20781
13
22417
23179
22418
24255
22419
23180
22420
23150
9
23150
9
23152
11
23152
11
24240
24241
24242
24243
26752
27817
27954
28200
28202
10
27968
26754
26756
27697
13
26753
27698
12
27696
27801
8
27699
13
27776
26755
13
27805
30591
13
19
27782
27701
27703
12
27806
30591
12
18
26757
27803
8
30591
27807
8
14
27700
27702
10
27726
27727
27728
27729
27730
27731
27705
28717
27704
26752
27827
28200
28202
8
27820
11
27831
27684
13
27816
27683
9
27834
27685
10
26753
27747
27818
11
26754
27825
27824
27750
27823
26756
13
27832
9
27826
27753
27829
10
27821
27686
8
27819
27687
11
27810
30592
11
17
27779
26755
27780
10
27809
30592
10
16
26757
27837
27830
27759
9
30592
27808
9
15
27833
27836
27822
27828
27835
27688
28716
27761
27517
27518
27520
27522
27519
27521
27516
27523
27524
27525
27527
27526
27528
27529
27533
27530
27531
27532
27537
27539
27538
27540
27541
27542
27544
27546
27547
27543
27545
27548
27549
27550
27552
27553
27554
27551
27555
27556
27557
27558
27559
27560
27536
27561
27562
27563
27564
27565
27568
27569
27570
27571
27572
27573
27577
27574
27576
27575
27578
27579
27518
27519
27523
27525
27534
27535
27550
27555
27559
27564
27567
27566
27571
27576
27581
27573
27579
27580
27784
27785
27783
11
28199
28203
9
28199
28203
8
28201
13
28201
13
28765
28766
28767
28769
28773
28770
28771
28768
28774
28772
28775
28776
28779
28777
28778
28781
28789
28783
28780
28785
28909
28782
28787
28784
28786
28788
28790
28798
28794
28795
28793
28791
28910
28792
28797
28796
28916
30486
29968
29970
29972
30485
29978
32997
32999
32998
33000
33001
33002
33004
33003
33005
33007
33006
33008
33009
32988
27574
27570
27574
27570
29896
29909
29919
29929
29939
29901
29910
29920
29930
29940
29902
29911
29921
29931
29941
29897
29912
29922
29932
29942
29903
29913
29923
29933
29943
29895
29907
29916
29926
29936
29900
29908
29917
29927
29937
29900
29908
29918
29928
29938
29894
29904
29914
29924
29934
29898
29905
29915
29925
29935
29899
29906
29915
29925
29935
29946
29947
29944
29945
29976
29974
29671
29672
29671
29672
29676
29677
29676
29677
29669
29670
29669
29670
29674
29675
29674
29675
30498
10
30498
9
30499
8
30499
11
30500
33230
12
30500
33230
13
30501
33232
11
30501
33232
13
30502
10
30502
9
31125
31126
31127
31128
31125
31126
31127
31128
31130
31131
31132
31133
31130
31131
31132
31133
31278
31291
31301
31311
29939
31283
31292
31302
31312
29940
31284
31293
31303
31313
29941
31279
31294
31304
31314
29942
31285
31295
31305
31315
29943
31285
31294
31305
31315
29943
31277
31288
31298
31308
29936
31281
31289
31300
31309
29937
31282
31290
31299
31310
29938
31276
31286
31297
31306
29934
31280
31287
31296
31307
29935
31280
31286
31296
31307
29935
31318
29946
31319
29947
31316
29944
31317
29945
32955
32952
32951
32954
32950
32953
31768
31766
32989
32990
32991
33010
33011
33012
33013
32007
32020
32030
32040
29939
31311
32012
32021
32031
32041
29940
31312
32013
32022
32032
32042
29941
31313
32008
32023
32033
32044
29942
31314
32014
32024
32034
32043
29943
31315
32014
32023
32034
32043
29943
31315
32006
32017
32027
32037
29936
31308
32010
32018
32029
32038
29937
31309
32011
32019
32028
32039
29938
31310
32005
32015
32026
32035
29934
31306
32009
32016
32025
32036
29935
31307
32009
32015
32025
32036
29935
31307
32047
29946
31318
32048
29947
31319
32045
29944
31316
32046
29945
31317
31769
31767
33229
10
33229
10
33231
10
33231
8
33233
12
33233
11
36174
36084
36669
13
36162
36180
35848
36672
41068
13
36292
36163
36673
9
36291
36175
35600
36670
41069
9
36164
35602
41071
11
36176
36241
35601
36671
41070
12
36165
35603
8
36177
36181
36263
41072
8
36166
10
36178
10
36285
38937
11
17
36286
12
18
36293
36295
36294
36296
36298
36297
36299
36300
36215
36216
37279
37694
37695
36215
36167
36215
36179
36190
36672
10
36202
36083
36088
35848
36669
41068
10
36191
36086
36087
36673
8
36085
36098
35600
36670
41069
8
36301
36192
35601
36671
11
36091
36092
36204
36093
41070
11
36193
36096
36095
12
36302
36205
36089
36094
35603
41072
12
36194
13
36206
36097
13
36287
38938
10
16
36288
8
14
36303
36305
36304
36306
36308
36307
36309
36310
36214
36195
36214
36207
37278
36214
36217
37691
37692
36522
36523
36524
36525
36526
36527
36548
36549
36550
36551
36552
36553
36554
36555
36556
36557
36558
36559
36560
36561
36562
36563
36564
36565
36568
36528
36529
36530
36531
36532
36533
36611
36534
36537
36536
36539
36538
36547
36611
36540
36541
36542
36543
36544
36545
36612
36566
36567
36571
36569
36570
36581
36580
36572
36575
36574
36577
36576
36579
36582
36583
36584
36585
36586
36587
36551
36555
36557
36559
36578
36573
36525
36537
36536
36547
36546
36535
36090
35602
41071
9
20194
20208
20197
36659
36554
36556
36564
36661
37817
38934
37820
39237
39238
37822
39909
39910
37818
39234
39235
37819
39906
39907
37821
38933
27516
27524
27526
38811
27549
27557
27560
38813
38939
38837
38838
38839
38840
38841
38820
38823
13
38821
38822
10
39708
39805
39806
39706
41416
41417
39707
38820
38823
13
38821
38822
8
39709
38794
38795
39710
39705
41413
41414
38790
38791
38796
38797
38788
38789
38824
11
38824
12
39811
39812
39807
39808
39813
39814
41286
41287
41290
41291
41288
41289
41292
41293
36548
36556
36564
41060
38837
38838
38840
41062
43992
43899
44850
10
44002
43913
10
44003
43900
44851
13
43994
44854
9
43993
43901
44852
8
44034
43902
9
44004
43914
9
43995
8
44006
11
44005
43996
11
43982
44853
10
44007
8
44015
43979
43900
44851
12
44014
12
44016
43991
44854
13
43987
10
44017
44052
10
44018
9
44024
44042
43899
44850
11
43989
44853
11
44025
43913
11
43988
12
44040
12
43978
13
43981
13
43980
43901
44852
10
44026
43986
43902
13
44043
43914
13
43984
10
44028
43985
9
44041
44039
43983
8
43803
43804
43805
43806
43807
43808
43809
43810
43811
43812
43813
43814
43815
43816
43817
43818
43819
43820
43823
43824
43825
43826
43827
43828
43829
43830
43831
43832
43833
43834
43835
43836
43837
43838
43839
43840
43843
43844
43845
43846
43847
43848
43809
43813
43815
43817
43821
43822
43831
43833
43835
43837
43841
43842
43931
11
17
43932
46247
12
18
43933
10
16
43934
46248
8
14
43917
43918
43924
43925
43919
43920
43921
44233
43922
43923
43926
43927
43928
44234
43929
43930
44139
44136
44135
44845
44137
44140
44138
44844
43990
13
45970
45969
45973
46244
45968
46243
45971
45972
49209
49208
49212
49210
49211
49207
