4970
4971
31591
31590
4969
31597
31596
31599
31598
31593
31592
31595
31594
4961
4962
4963
4964
4965
4966
4967
4968
4980
4981
4982
31580
31586
31585
31588
2
31587
3
31582
4
31581
5
31584
6
31583
7
4972
8
4973
9
4974
4975
4976
4977
31589
4978
4979
4990
4991
4992
4993
4983
4984
4985
4986
4987
31579
4988
31578
4989
32896
32897
32894
32895
32892
32893
32890
32891
4994
4995
4996
4997
4998
4999
32898
32899
32885
32886
32883
32884
32882
32889
32887
32888
44852
44851
44854
44853
44850
19881
19880
44845
44844
14190
5409
5402
5403
5405
20059
44026
20058
20057
44028
20056
20055
13760
20054
44025
20053
44024
32041
32042
32040
32049
36407
36408
36409
32047
32048
32045
32046
32043
32044
20052
13763
20051
36400
13764
20050
5414
13761
36402
13762
36403
13767
36404
13768
36405
13765
44016
44015
20069
44018
20068
44017
20067
20066
20065
5432
44014
20064
5433
32030
32031
32038
32039
32036
32037
32034
32035
32032
32033
20063
20062
20061
20060
20038
44005
20037
44004
20036
44007
20035
44006
20034
47995
20033
20032
47993
44003
20031
47994
44002
22693
32020
20039
32027
32028
32025
32026
32023
22690
32024
22691
32021
22692
32022
20030
47991
47992
47990
13740
5439
32029
20049
47988
20048
47989
20047
20046
20045
20044
20043
20042
32016
32017
32014
13759
32015
32012
32013
32010
32011
20041
20040
32018
32019
5460
5461
5462
20012
20011
5465
20010
5466
22671
22674
22675
22676
20019
20018
22677
22678
13727
32005
13728
32006
13729
22670
5458
32009
32007
32008
20027
20026
20025
20024
20023
20022
20021
20020
22684
22685
22686
22687
20029
20028
33325
13738
33326
33323
13736
33324
13737
33321
33322
22680
22681
33320
13730
13731
13734
13732
13733
5488
33318
33319
33316
33317
22668
22669
5498
20009
20007
5491
20006
37691
37692
16752
16751
37694
16750
37695
16756
37697
16754
16753
23056
27414
23057
27415
23058
27412
23059
27413
27418
27419
27416
27417
27410
27411
23054
23055
15439
28719
28716
28717
16745
16744
16743
16742
16749
16748
16747
16746
36310
16723
16722
16721
16726
16725
16724
36308
36309
36300
36301
36302
36303
36304
36305
36306
36307
19863
19862
19865
19864
19861
19860
27489
27483
27484
27481
27482
27487
27488
27485
27486
19867
27480
19866
19869
19868
19870
19872
19871
27494
27495
27492
27493
27498
27499
27496
27497
27490
27491
19879
14151
14154
27469
27467
28798
27468
27461
28792
27462
28793
28790
27460
28791
27465
28796
27466
28797
27463
28794
27464
28795
14159
19852
19851
14160
19854
19853
19850
27478
27479
27472
27473
27470
27471
27476
27477
27474
27475
19859
19856
19855
19858
19857
27447
28778
27448
28779
27445
28776
27446
28777
27449
28770
27440
28771
27443
28774
27444
28775
27441
28772
27442
28773
36392
36393
36394
36395
36396
36397
36398
27458
28789
27459
27456
28787
27457
28788
36390
27450
28781
27451
28782
28780
27454
28785
27455
28786
27452
28783
27453
28784
36399
14148
36385
36386
36387
23067
27425
23068
27426
23069
27423
27424
27429
27427
27428
23060
23061
23062
23063
27421
23064
27422
23065
23066
27420
36388
36389
27436
28767
27437
28768
27434
28765
27435
28766
27438
28769
27439
23070
23071
23072
23073
23074
27432
23075
27433
27430
27431
43696
43697
43698
43699
43692
43693
43694
43695
43690
43691
20104
43685
20103
43686
20102
43687
20101
43688
20100
43681
43682
43683
43684
20109
20108
43689
20107
20106
20105
28066
28067
28065
28068
28069
43680
43674
43675
43676
43677
43670
43671
43672
43673
43678
43679
43664
43665
43666
43667
43668
43669
32995
5509
32996
32993
32994
32991
32992
32990
32999
32997
32998
5521
5519
32984
32985
32982
32983
32980
32981
5513
5514
32988
5516
32989
32986
5518
32987
40593
40592
40591
40590
40597
40596
40595
40594
40599
40598
32973
32974
32971
32972
32970
5523
5524
32979
5525
5526
32977
5527
32978
5528
32975
32976
20179
20178
5540
20177
5541
20176
5542
20175
37850
5543
20174
36528
36529
12559
37851
36520
12553
20173
44140
37852
36521
5534
12554
20172
37853
5535
12551
20171
36522
5536
12552
20170
36523
5537
12557
36524
5538
12558
36525
5539
12555
36526
12556
36527
44137
44136
44139
20189
44138
12560
20188
20187
20186
28909
44135
20185
37848
36517
37849
36518
36519
5544
20184
36510
5545
20183
36511
5546
20182
36512
5547
20181
36513
20180
37845
36514
37846
36515
37847
36516
20159
20158
5560
20157
20156
5562
20155
5563
20154
5564
20153
20152
36506
12539
36507
36508
12537
36509
12538
12531
20151
12532
20150
36501
36502
5559
12535
36503
12536
12533
36505
12534
46779
20169
20168
49801
20167
49800
20166
20165
20164
20163
20162
20161
12540
20160
37820
37821
37822
20137
20136
20135
20134
20133
20132
20131
20130
20138
37817
37818
37819
41072
41071
41070
20148
20147
20146
20145
20144
20143
41069
20142
41068
20141
20149
32113
32114
32111
32112
32110
20140
41062
41061
41060
20115
20114
20113
20112
20111
41059
20110
41058
20119
20118
20117
20116
32104
32105
32102
32103
32100
32101
5599
28070
32108
32109
28071
32106
28072
32107
20126
20125
20124
20123
20122
20121
20120
20129
20128
20127
36480
36481
14211
36484
49799
36485
49798
49797
27524
27525
27522
27523
27528
27529
27526
27527
19908
27520
19907
27521
14214
36487
49796
14215
36488
49795
14212
36489
49794
14213
14218
14219
14216
14217
10
11
12
36470
13
36471
14
36472
15
36473
16
17
14220
36475
18
19
27535
27536
23179
27533
27534
27539
27537
27538
23171
27531
19918
27532
27530
36476
19915
36477
19914
36478
19917
36479
19916
19911
19910
19913
19912
27508
27509
36460
36461
36462
36463
27502
27503
27500
27501
27506
23148
27507
23149
27504
27505
36465
36466
36467
36468
27519
36450
36451
36452
36453
27513
32096
27514
32097
27511
32094
27512
32095
32092
27517
32093
27518
27515
32090
27516
32091
23150
23151
27510
23152
32098
32099
36454
36456
36457
36458
36459
20099
36440
20098
36441
20097
36442
32085
32086
32083
32084
32081
32082
32080
32089
32087
32088
20096
36443
20095
36444
20094
20093
36446
20092
36447
20091
36448
20090
36449
36430
36431
32074
32075
32072
32073
32070
32071
32078
32079
32076
32077
36432
44052
36434
36435
36436
36438
36439
20079
20078
20077
20076
20075
36420
32063
32064
32061
32062
32060
32069
32067
32068
32065
32066
20074
36421
44041
20073
36422
44040
20072
36423
44043
20071
44042
20070
36425
36426
36427
44039
20089
44034
20088
20087
20086
32052
32053
32050
32051
36418
36419
32058
32059
32056
32057
32054
32055
20085
36410
20084
36411
20083
36412
20082
20081
36414
20080
36415
36417
40582
40581
40580
40586
40585
40584
19982
40583
40589
40588
40587
19989
40571
40570
40575
19991
40574
40573
40572
40579
40578
40577
40576
32951
32952
32950
32955
32953
32954
40560
40564
40563
40562
40561
40568
40567
40566
40565
40569
27580
27581
19969
19968
19973
19972
40553
40552
40551
19971
40550
19970
40557
40556
40555
40554
40559
40558
31601
31600
19976
31603
19979
31602
40542
40541
40540
40546
27568
40545
27569
40544
27566
40543
27567
40549
40548
40547
27560
27561
27564
27565
27562
27563
19951
19950
19953
19952
40531
40530
32906
32907
40535
27579
40534
40533
27577
40532
27578
40539
40538
40537
40536
27571
27572
40529
27570
27575
27576
27573
27574
19959
19958
19955
19954
19957
19956
40524
27546
40523
27547
40522
27544
40521
27545
40528
40527
40526
27548
40525
27549
23180
27542
27543
27540
27541
32904
32905
32902
32903
32900
32901
36491
36492
19931
19930
36494
36495
36496
36497
27557
27558
27555
27556
27559
27550
27553
27554
27551
27552
19937
36499
19936
19933
19932
19934
20214
20213
20212
20211
20210
20219
20218
20217
20216
20215
20225
20224
20223
20222
20221
20220
30491
30490
20229
20228
20227
20226
30499
30498
30492
28189
43795
43796
43797
43798
43791
43792
43793
43794
43799
30486
30485
30488
30487
43790
30489
43784
20203
43785
20202
43786
20201
43787
20200
43780
43781
43782
43783
20209
20208
43788
20207
43789
20206
20205
20204
43773
43774
43775
43776
43770
43771
43772
43777
43778
43779
43762
43763
43764
43765
43760
43761
43766
43767
43768
43769
43751
43752
43753
43754
43750
43759
43755
43756
43757
43758
31771
31770
43740
43741
43742
43743
43748
43749
43744
43745
43746
43747
30433
30432
30439
30438
31769
30435
31766
30434
30437
31768
30436
31767
44234
44233
36611
36612
12638
12639
12631
12634
12632
12641
12642
12640
12643
20236
20235
20234
20233
8754
20232
8755
20231
8752
20230
8753
50090
20239
20238
50092
20237
50095
50094
28199
50097
50096
50099
50098
28190
28191
28192
28193
8761
8762
8760
8765
8766
8763
8764
8758
8759
8756
8757
8772
8773
8770
8771
8776
8774
8775
8769
8767
8768
36580
36581
36582
36583
36584
36585
40600
36586
36587
15647
15646
36570
6146
36571
6145
36572
6148
36573
6147
36574
36575
36576
36577
36578
36579
6152
28938
28939
36560
36561
36562
36563
28930
28937
15629
15628
24571
24570
12597
36564
12598
36565
36566
36567
15627
36568
15626
36569
15630
36550
36551
36552
28941
28942
28940
15634
36553
15633
36554
15632
36555
15631
36556
15638
36557
15637
36558
15636
36559
15635
28916
20199
20198
20197
36540
20196
36541
23221
28910
24557
24559
24558
23220
20195
36542
20194
36543
20193
36544
20192
36545
12579
20191
36546
20190
36547
36548
12578
36549
28929
6185
28927
28928
36530
28925
24568
28926
24567
24569
36539
24560
24561
12586
36531
12587
36532
36533
12585
36534
36535
36536
36537
36538
43730
43731
6199
43732
43737
43738
6191
43739
43733
43734
43735
43736
43720
43721
43726
43727
43728
43729
43722
43723
43724
43725
43719
43710
43715
43716
43717
43718
43711
43712
43713
43714
43708
43709
43704
43705
43706
43707
43700
43701
43702
43703
27687
27688
27685
27686
27683
27684
27698
27699
27696
27697
12715
12716
12713
12714
12719
12718
12726
12727
12724
12725
12728
12729
12722
12723
12720
12721
30592
30591
30593
43899
17585
17586
17587
17588
17581
17582
17583
17584
17580
17589
17592
17593
17590
17591
27807
27808
27805
27806
12791
12792
27809
12790
27803
27801
50150
50152
50151
50154
50153
50156
50155
12795
50158
12796
50157
12793
12794
50159
12799
12797
12798
27818
27819
27816
27817
27810
50161
50160
50163
50162
50165
50164
50167
50166
50169
50168
45699
45698
45695
12770
45694
45697
45696
50170
50172
50171
12779
50174
50173
50176
50175
50178
50177
12773
12774
50179
12771
45693
12772
12777
12778
12775
12776
12780
12781
50181
50180
50183
50182
50185
50184
50187
50186
50189
50188
12784
12785
10123
12782
12783
12788
12789
12786
12787
44346
44345
44347
44342
44341
44344
44343
50190
50192
50191
12759
50194
50193
12757
50196
12758
50195
50198
50197
50199
12751
12752
44340
12750
12755
12756
12753
12754
44335
44334
44337
44336
44339
44338
12768
12769
12762
12763
12760
12761
12766
12767
12764
12765
41299
41298
12737
12738
12735
12736
12739
12730
12733
6209
41293
12734
41292
12731
41291
12732
41290
41286
41289
41288
41287
12748
12749
12746
12747
12740
12741
12744
12745
12742
12743
10093
10092
10095
10094
10097
10096
27761
10099
10098
27776
27779
7589
7588
27747
7594
7593
7595
27753
7590
27759
7592
7591
50101
50100
27750
50103
50102
50105
50104
50107
50106
50109
50108
27728
36680
27729
36681
36682
36683
36684
27726
27727
50110
50112
50111
36685
50114
36686
50113
39710
50116
50115
50118
50117
50119
36670
36671
36672
36673
27731
39708
39707
39709
50121
50120
27730
50123
50122
50125
50124
50127
50126
50129
36679
50128
39706
39705
36660
36661
36662
27700
27701
27704
27705
27702
27703
50130
50132
50131
50134
50133
36663
50136
50135
50138
50137
50139
36669
50141
50140
50143
50142
50145
50144
50147
50146
50149
50148
36659
17563
17564
17565
17566
17560
17561
17562
8024
43840
43841
17577
43842
43847
43848
43843
43844
43845
43846
17578
17579
43830
43831
43836
43837
43838
43839
8031
43832
43833
43834
8030
43835
43829
43820
43825
43826
43827
43828
43821
43822
43823
43824
28202
43818
28203
43819
28200
28201
17557
17558
17559
43814
43815
43816
43817
43810
43811
43812
43813
43807
43808
43809
30501
30500
30502
43803
43804
43805
43806
27780
27784
27785
27782
27783
45754
45753
45756
45755
45750
45752
45751
45758
45757
45759
12836
5816
12837
5817
12834
5818
12835
5819
12832
12833
12830
5814
12831
5815
45743
45742
45745
45744
45741
45740
45747
45746
45749
45748
5820
45732
45731
45734
45733
45730
45739
12809
45736
45735
45738
45737
12814
12815
12812
12813
12818
12819
12816
12817
12810
12811
45721
45720
45723
45722
45729
45728
45725
45724
45727
45726
12825
12826
12823
12824
12829
12827
12828
12821
12822
12820
45710
45712
45711
45718
45717
45719
45714
45713
45716
45715
45701
45700
45707
45706
45709
45708
45703
45702
45705
45704
12803
12804
12801
12802
12807
12808
12805
12806
12800
43993
43994
43995
43996
43990
43991
43992
43982
43983
43984
43985
43980
43981
43986
43987
43988
43989
47537
47538
47535
47536
47533
47534
47531
47532
24893
47539
15949
15948
24890
24892
24891
47530
39910
39912
47526
47527
47524
47525
47522
47523
47520
7611
47521
7610
47528
47529
39906
39907
39909
47515
47516
47513
47514
47511
47512
12891
47510
47519
47517
47518
12893
12898
12899
12896
12897
47504
47505
47502
47503
47500
47501
24883
24882
24885
24884
24887
47508
24886
47509
24889
47506
24888
47507
24881
45798
45797
45799
45794
45793
45796
45795
12878
12879
45790
45792
45791
12877
45787
45786
45789
45788
45783
45782
12880
45785
45784
12889
12883
12884
45781
45780
12882
12887
12885
45776
45775
45778
5000
45777
5001
45772
5002
45771
5003
45774
5004
45773
45779
31134
31131
31130
31133
31132
45770
45765
45764
5010
45767
5011
45766
5012
45761
5013
45760
5014
45763
5015
45762
45769
45768
31126
31125
5005
5006
5007
5008
5009
31128
31127
31129
7682
7681
5020
5021
7684
7683
5022
5023
7686
5024
7685
5025
7688
47498
5026
7687
47499
7680
7679
5016
47496
7678
5017
47497
5018
47494
5019
47495
47492
39879
47493
47490
47491
7693
5030
5031
7692
7695
5032
7694
5033
7697
5034
47489
5035
7696
7699
5036
47487
7698
5037
47488
7691
7690
50200
5027
47485
50202
5028
7689
47486
50201
5029
47483
50204
47484
50203
47481
50206
47482
50205
50208
47480
50207
5041
5042
50209
5043
5044
5045
5046
5040
50211
50210
5038
50213
5039
50212
50215
50214
50217
50216
50219
50218
5054
5055
47467
47465
47466
5050
5051
50220
50222
50221
47463
50224
47464
50223
47461
50226
47462
50225
50228
47460
50227
50229
47458
47459
47456
47457
47454
47455
47452
15865
47453
47450
47451
15869
15868
15867
15866
47449
47447
47448
47445
47446
47443
15870
47444
47441
47442
47440
47438
27829
47439
47436
27827
47437
27828
47434
47435
47432
47433
27821
27822
27820
27825
27826
27823
27824
39810
47430
47431
39812
39811
39814
39813
39816
39815
47427
47428
47425
47426
47423
47424
47422
27832
27833
27830
27831
27836
27837
47429
27834
27835
39807
39806
39809
39808
39805
43979
29669
43978
41301
41300
29678
41302
29673
29672
29671
29670
29677
29676
29675
29674
37278
37279
43930
43931
43932
43933
43934
43928
43929
43924
43925
43926
43927
43920
43921
43922
43923
46190
46191
43917
43918
43919
46196
46194
46195
46192
46193
46189
43913
43914
43906
46188
49212
49211
49210
49209
39881
49208
39880
49207
39883
39882
43902
43903
43904
43905
43900
43901
45875
45874
45877
45876
45871
45870
45873
45872
45879
45878
45864
45863
45866
45865
45860
45862
45861
45868
45867
45869
12968
12969
12966
12967
45853
45855
45854
45851
45850
45857
45856
45859
45858
45842
45841
45844
45843
45840
45849
45846
45845
45848
45847
12944
12945
12942
12943
12941
45831
45830
45833
45832
45839
45838
45835
45834
45837
45836
45820
45822
45821
45828
45827
45829
45824
45823
45826
45825
45811
45810
45817
45816
45819
45818
45813
45812
45815
45814
45809
36093
36092
45800
36091
36090
7710
45806
45805
45808
20528
45807
36098
45802
36097
45801
36096
20524
45804
36095
45803
36094
7709
12902
7708
12903
12900
12901
12904
7701
7700
7703
7702
7705
7704
7707
7706
47658
47659
47656
47657
47654
47655
47652
7721
47653
7720
33010
7719
33013
33011
33012
7712
47650
7711
47651
7714
7713
7716
7715
7718
7717
47643
7730
47641
7732
47642
7731
33006
33007
33004
33005
33002
33003
33000
33001
7723
47640
7722
7725
7724
7727
7726
7729
33008
7728
33009
47636
47637
47634
47635
47632
7741
47633
7740
47630
7743
47631
7742
24993
31292
24992
31291
24995
31294
24994
31293
47638
31290
47639
31299
31296
31295
24991
31298
24990
31297
7734
7733
7736
7735
7738
7737
7739
47626
31281
31280
31283
31282
47629
47627
47628
31289
31288
31285
31284
31287
31286
7744
47614
47615
47612
7761
47613
7760
47610
7763
47611
7762
7765
7764
47618
47619
47616
47617
31278
31277
31279
31276
7758
7759
10335
5110
5111
5112
5113
5114
47609
7766
5106
5107
5108
5109
45897
45896
45899
5120
45898
5121
45893
45892
45895
5124
45894
5125
5115
12971
5116
12972
45891
5117
45890
5118
12970
12973
45886
45885
5130
45888
5131
45887
5132
45882
5133
45881
5134
45884
5135
45883
5136
45889
35603
35602
35601
35600
5126
5127
45880
5128
5129
35607
35606
35605
35604
5140
5141
5142
5143
5144
5145
5146
5147
5137
5138
5139
5151
5152
5153
29719
5154
5155
5156
5157
5158
29718
5150
5148
5149
5162
5163
5168
5160
5161
5159
9518
9519
47584
47582
47583
47580
47581
47579
46248
46249
47577
46247
47575
46244
47576
27968
47573
47574
46243
47571
47572
47570
47568
47569
47566
47567
47564
47565
47562
47563
47560
47561
47559
47557
47558
47555
47556
47553
47554
47551
47552
47550
47548
47549
47546
47547
47544
47545
47542
47543
27954
47540
47541
36089
29789
36088
29788
36087
36086
36085
36084
36083
29783
29782
29781
29780
29787
29786
29785
29784
29791
29790
41411
41410
29769
29768
41414
29767
41413
29766
41412
41419
41417
41416
29761
29760
41409
29765
29764
29763
29762
41404
29779
41403
29778
41402
29777
41401
41408
41407
41406
41405
29772
29771
29770
29776
29775
29774
29773
29747
29746
29745
29744
29749
29748
29743
29742
29741
29740
29758
29757
29756
29755
29759
29750
29754
29753
29752
29751
29725
29724
29723
29722
29729
29728
29727
29726
29721
29720
29736
29735
29734
29733
29739
29738
29737
29732
29731
29730
30013
30012
30011
30010
45973
45970
45972
45971
30002
30001
30004
30003
30000
30009
30006
30005
30008
30007
45969
45968
31311
31310
31313
31312
31319
31318
31315
31314
31317
31316
4780
4781
4782
4783
4784
45945
45946
31300
31302
31301
31308
31307
4776
4777
31309
4778
31304
4779
31303
31306
31305
45930
45932
4790
45931
4791
4792
4793
4795
45938
45937
45939
45934
45933
45936
45935
4785
4786
4787
4788
4789
39240
45921
45920
45927
45926
45929
45928
45923
45922
45925
45924
45919
4796
4797
4798
38820
38821
38822
38823
38824
38810
38811
38812
38813
38814
5220
5224
5214
5218
5230
5231
5232
5226
5228
5229
22417
22418
22419
22420
5263
5267
5268
38788
38789
5272
5273
5270
5271
5269
21086
21085
22396
26753
22397
26752
22398
26755
26754
26757
26756
22390
22391
22392
22393
22394
26751
22395
26750
7011
7010
7012
7008
47680
47678
47679
47676
47677
47674
47675
47672
47673
47670
47671
47669
26749
47667
47668
47665
47666
47663
47664
22389
26746
26748
7031
26747
7030
47661
47662
7029
47660
45910
39234
39235
45916
45915
45918
45917
45912
45911
45914
45913
45909
45908
39238
39237
36192
36191
36190
45905
45904
45907
45906
45901
45900
36195
45903
36194
45902
36193
36181
36180
36178
36177
29899
36176
29898
36175
36174
29897
29896
29895
29894
36179
36167
36166
36165
36164
36163
36162
4804
4805
4806
4807
4808
4809
4800
4803
4815
4816
4818
4819
4810
4811
4812
4813
4814
4828
4829
4820
4821
4822
4823
4824
38790
38791
38792
38793
38794
38795
38796
4837
4838
4839
38797
38798
4830
38799
4831
4832
4833
4834
4835
4836
4840
4841
4842
4843
4844
4845
4846
4870
4871
4872
4869
4880
4881
4882
4883
7907
7906
7909
7908
4873
4874
4875
4876
4877
7903
4878
7902
4879
7905
7904
4890
4891
4892
4893
4894
7918
7917
7919
4884
7910
4885
7912
4886
4887
7911
7914
4888
7913
4889
7916
7915
20786
20785
20784
20783
20782
20781
7930
20780
20789
20788
20787
7929
7928
7921
4895
7920
4896
4897
7923
7922
4898
7925
4899
7924
7927
7926
7941
7940
7939
7932
7931
7934
7933
7936
7935
7938
7937
7950
7951
7943
7942
7945
7944
7947
7946
7949
7948
33240
33241
38937
38938
38939
33244
33242
33243
38933
38934
38935
33230
14957
33233
33231
33232
14955
14956
33239
33222
33223
33220
33221
33229
5341
5342
5343
33219
5350
5351
5352
5346
5360
5365
35850
5359
35849
35848
35847
5383
5384
5385
5386
5388
5389
24255
29945
29944
29943
29942
36241
5380
29947
29946
29941
29940
5393
5394
5395
5396
5390
5391
5392
29929
29928
29923
29922
29921
29920
29927
29926
29925
29924
17949
17945
17946
17947
17948
17941
17942
17943
17944
17950
17951
29939
29934
29933
29932
29931
29938
29937
29936
29935
36217
36216
24240
29930
36215
24241
36214
24242
24243
17952
29909
29908
29907
29906
24211
29901
24212
29900
24213
24214
24215
29905
24216
29904
24217
29903
24218
29902
36207
36206
36205
36204
36202
24210
21180
29919
29918
29917
29912
29911
29910
29916
29915
29914
29913
38840
33152
33153
33150
33151
38841
24208
24209
21179
21178
21177
21176
21175
24203
24204
24205
24206
24207
33149
38838
38839
33147
33148
21174
38830
38831
38832
38833
38834
38835
38836
38837
4903
4904
4905
4906
4907
4908
4909
4900
4901
4902
36291
36299
36298
36297
36296
36295
36294
36293
36292
4914
4915
4916
4917
4918
4919
4910
4911
4912
4913
36288
36287
36286
36285
4925
4926
4927
4928
4929
4920
4921
4922
4923
4924
29999
29998
29997
4936
4937
4938
4939
29996
29995
29994
4930
4931
4932
4933
4934
4935
36263
29968
4947
4948
4949
4940
4941
4942
4943
4944
4945
4946
4960
29978
29976
4958
29970
4959
29974
29972
4950
4951
4952
4953
4954
4955
4956
4957
17970
17967
4663
4664
19848
19823
22434
44847
44846
14189
14186
15427
1976
1920
1974
2578
1971
2023
1915
2580
1978
1998
1897
1895
1961
1894
2574
2573
1917
11911
30970
10634
11907
11951
10611
10610
1776
2577
2004
2576
2575
1937
6637
1967
6481
44031
44033
44030
44029
19828
2581
2030
28737
1987
1985
2920
1796
1983
1981
2047
6512
7568
6506
41811
41810
44021
41812
44020
44023
48110
44022
1602
2106
1820
4421
2056
1681
5503
4092
9184
1603
44019
2108
8663
4306
4093
1823
19824
44011
44010
44001
44013
44012
46098
44009
44008
2130
2097
4097
4099
4100
4433
4106
4108
4130
4132
6503
1942
4153
4363
4485
4254
4155
4147
18960
18950
18961
18951
18962
18952
18963
19583
18957
18968
18958
18959
18949
18953
18964
18954
18965
18955
18966
18956
18967
1663
3131
2727
31069
19905
2625
2628
5194
3886
1716
3183
3669
4170
13742
13637
13638
13590
13749
5487
4849
19562
19541
20725
19768
20724
20008
19767
20723
19769
5522
9517
6479
5338
12596
19988
27749
41108
19895
19892
19891
19894
31067
19893
28720
28721
28715
28714
16719
16718
16717
16720
16716
16712
16715
16707
14173
14174
14171
14172
14175
16706
16705
28132
19820
19831
21088
31085
22433
19814
19842
19832
31083
19826
19819
19883
23186
19882
31082
19817
22436
19830
19816
19837
19833
19835
19884
27891
19818
27886
28168
19827
40633
19839
19909
19807
31084
19812
19813
19841
19815
27248
19843
19887
19886
27766
23188
23167
23168
21822
44901
28131
24274
23187
19903
19889
19900
19888
19896
19898
19897
19890
19834
19899
19885
19809
19902
17968
14149
14152
28760
28762
28758
28759
28761
28757
28763
28764
17004
17005
15952
15951
14158
15950
17006
19808
14161
36049
24277
19829
36054
27959
31074
27957
27958
36116
36115
36114
19825
19838
22437
17969
30391
22432
19844
24275
19836
28160
27892
24276
30482
40632
28742
28743
28744
28745
28748
28741
28746
28747
28740
28733
28734
28735
28736
28738
28739
28753
28756
28754
28755
27840
28752
28750
28751
28749
46108
27876
27877
14146
36036
35661
36055
28731
28728
28730
28732
28729
28725
28727
28726
44095
44094
44078
44079
5510
12611
5489
8002
8013
13095
44885
7013
6595
6594
7015
7994
7014
7974
8015
23893
41106
23894
24524
21813
28137
6644
37402
6646
39426
49859
49858
49857
49856
6476
9744
10370
6453
6478
6511
10372
6477
6510
10371
40623
33296
28975
46109
6509
29687
6645
7975
6449
7979
6508
6507
7970
13093
8782
13094
7993
9734
6489
6488
32251
13092
35568
10367
10369
10368
4850
5515
4594
4595
4596
4597
4606
4607
4608
4565
4620
4566
4621
4600
4567
4622
4568
4601
4623
4602
4624
4603
4625
4604
4847
4605
5470
5471
5472
5473
5474
4564
4617
4618
4619
4598
4599
9727
4614
4615
4616
16908
5512
20738
20746
12610
5277
5280
5282
5284
5285
5286
8809
5287
5288
12233
5290
8807
7972
33696
9511
7027
4611
12524
2069
3121
3120
27955
2499
5058
29685
21844
22557
2663
6643
7534
4582
4749
24508
7148
4583
4556
19822
12549
12543
44155
44154
44156
44153
44152
4551
4555
12544
9730
4552
7138
12541
31927
4553
31198
4557
29806
4559
12542
35662
36041
4560
4609
2049
7059
4554
4610
4612
4558
4613
24523
12547
12548
4858
12545
12546
44149
44148
44151
44150
12550
44147
6141
5575
16911
4628
4629
4630
4631
4626
4627
4574
10106
4581
4588
12561
12525
27712
27713
12526
9663
9664
9661
9662
9684
9667
9668
9665
9666
9681
9660
9682
9680
12518
9658
9659
12215
12216
9674
9653
9672
9673
9656
9678
9657
9679
9654
9676
9655
9677
27715
9670
9671
9669
12601
13591
12520
12602
12521
12523
12603
12522
12519
27714
11954
11946
12527
13010
11930
37833
37834
37837
37838
37839
37835
37836
37830
37831
37832
21087
24279
27859
48107
19906
22451
29504
27869
27867
27889
32246
29500
27860
22450
30427
31898
31899
22448
22449
19810
27777
27856
27879
22447
29497
28166
32237
27250
24261
24262
27873
24263
24264
24265
31901
14141
16713
14140
14139
37351
23183
22426
24260
27771
27770
24259
22425
29823
31215
31944
27767
24256
22422
19995
19994
19993
17957
31071
24258
22424
27769
24257
22423
27768
27882
36042
44062
44061
44159
44225
45997
45981
44168
49236
44164
49220
45996
44158
49219
45980
44222
49235
44163
44169
44224
44166
49238
45983
44161
49222
45999
45998
44165
49237
45982
49221
44160
45995
49218
44157
44167
44162
49234
44076
44098
45979
44102
46002
41830
44184
44086
44182
47701
44077
44179
44051
44230
44097
19981
19990
32935
32936
32934
32940
32941
32939
32942
32943
32937
32938
19963
19962
19967
19966
19965
19964
19975
41266
41259
19846
19978
19940
19941
19939
19938
19901
19943
19942
22533
22534
22535
19949
19998
19948
19945
19944
19947
43997
36171
19946
23184
19926
38954
38953
38955
33268
19925
19928
19927
19929
30483
30484
30481
19821
14177
31064
12623
14178
12624
27928
27929
27926
27927
27924
27925
27931
27932
27930
12604
17541
17542
17543
17544
17540
21927
21926
28799
16619
16618
16617
17545
16616
21930
16620
21934
21933
21932
21931
14849
14847
14848
21929
21928
14841
16624
14842
16623
16622
16621
14845
14846
14843
14844
24859
24178
24179
12908
20813
20812
20811
20810
20809
20808
24175
20807
24176
20806
24177
20269
20268
20267
20266
20265
20264
20263
20262
24861
24860
24863
24862
24865
24864
24867
24866
24181
24182
24183
23098
23099
17538
20261
17539
17537
24180
23100
23101
23102
23103
23104
23105
23106
28806
28807
20805
28800
28801
28804
28805
28802
28803
12606
14064
12605
12112
12111
29814
12618
12608
14176
31935
12622
31206
12626
14180
12625
14179
15645
7571
4733
4713
4747
4860
4746
24280
7960
4721
4688
12865
4714
7619
9334
4725
28977
12616
12614
12615
31077
12612
12613
12855
4648
4704
12853
7618
9333
9331
9332
9335
31062
12607
12861
12866
9728
12594
17953
44050
12595
35664
36053
14183
12583
12581
12564
17956
12565
12566
13084
11910
10615
10614
17984
10639
10638
11914
17023
11953
30975
16708
14155
12567
10613
10612
11913
14061
10636
11912
11908
11909
12113
17030
11952
36057
36056
27693
31101
32256
32257
32255
27694
29645
28958
28959
28957
30376
30375
28174
27691
30377
28172
28173
27692
28149
27689
27690
33246
33247
33245
27711
27772
29648
29647
29646
27710
27706
27707
44000
27708
27709
41256
10789
10977
11073
11001
11025
11049
12864
12857
27804
32249
27802
11052
31020
11076
10980
11004
12621
11028
27960
31905
27854
31903
27858
27881
31904
27739
27740
36248
27741
36247
27742
27738
31105
37358
44843
44842
12859
31078
12856
10086
17035
28144
8785
14069
9769
40620
14070
21866
9622
9616
9628
9625
9619
9624
9621
9627
9615
9618
27760
8850
8853
8854
8851
8852
8846
8847
8844
8845
8848
8849
8857
8858
8855
8856
8859
12214
44044
36232
27786
27995
27791
31893
36227
29963
36104
39722
29492
5069
8029
10101
10102
7607
27746
7575
12854
7574
7572
29650
27752
10100
7606
31106
27758
7573
7608
10104
27722
27723
27720
27721
37282
37283
39724
39723
39726
39725
27725
39720
39719
39721
27724
39718
39717
27716
27717
41096
41084
39409
27781
31104
36172
31102
31103
22536
7984
7987
7986
7988
44047
27789
27998
29966
36230
36107
29495
31896
36235
27794
44048
29967
36231
27999
36108
29496
27790
27795
36236
31897
44045
36233
35660
27787
27996
29964
31894
27792
36228
36105
35596
29493
31906
43616
44827
27887
43617
44826
43618
44829
43619
44828
44823
43613
43614
44825
43615
44824
27880
33258
27778
36237
35663
31902
36229
40395
39320
39322
40399
39321
40398
39324
40397
39323
40396
27874
27872
29498
47222
47218
47219
47216
47217
41510
47214
47215
47212
47213
36046
41514
41513
41512
41511
41517
41516
41515
29506
28133
41509
39317
39316
39319
39318
36037
38560
38561
38562
38563
38564
38565
27788
40403
40402
40401
40400
33278
38566
38567
31659
38568
29680
44830
47944
43620
47945
43621
47942
44831
47943
47941
47948
47949
47946
47947
30394
31089
38956
44046
27997
29965
36106
29494
31895
27793
36234
5765
5766
5729
5734
5761
5754
5744
5749
5780
5781
5784
5785
5787
5795
5798
5799
5800
5801
5804
5740
28965
5738
5810
5811
5812
5813
43998
43999
43897
44228
44083
44088
44085
44180
44177
43977
44090
44096
44087
44103
46007
44231
44104
46008
44232
44176
44178
44175
49243
44092
44091
43975
43976
46009
41816
49246
46254
48130
44100
43898
44181
44105
44099
44101
44229
43896
19904
12892
27765
12847
12846
31076
31080
12617
14137
12091
12845
12843
12090
39870
12086
15650
29505
29503
27864
12858
12869
12867
31075
27871
36047
31088
12863
12862
12881
12890
27861
12868
12562
12563
21825
12842
12849
13743
7570
6144
4586
4665
4658
35564
27865
36040
38270
27868
38266
27866
36045
27885
27875
27883
27884
27870
36058
33272
29502
36044
30395
27838
31108
39872
36064
36062
35796
36069
39876
41269
27857
36050
32212
31087
36038
38930
28167
27843
27251
28978
31900
27839
28991
41261
27841
38929
36076
44081
36051
33259
28983
27862
33280
36071
36052
36074
36039
29501
27878
38617
27842
36060
38261
44227
31907
27888
36066
36065
27890
29499
44073
39869
44049
43974
43973
46006
49239
44183
37281
37280
46253
50057
50055
49217
49216
49215
50056
49214
49213
18353
36043
39244
39916
38263
38585
39873
41423
36048
49851
39878
39871
38267
36075
39877
36070
38268
49247
36067
36063
38269
49244
37344
37345
37346
36073
36626
38262
35569
35665
35599
36059
38763
46001
37701
44913
36061
12852
15651
14138
12620
17021
16714
12088
27853
31086
12860
12089
12870
41095
24536
32250
10373
5063
36184
5057
31916
5059
29794
29793
31186
31185
29795
31187
31915
31914
5064
36169
36168
5065
5056
5068
5062
36170
36183
9359
9373
9360
5061
1627
1604
10471
10470
10469
1650
10473
10472
10464
10463
10474
10466
10465
1637
10468
10467
5066
31924
31195
29803
29802
31193
29801
31194
25009
12913
14935
31923
31922
13596
12619
5171
5172
5173
5174
5175
2413
5176
5177
10628
10629
10631
10630
10641
13846
13801
10644
10633
10632
5169
5170
5181
5182
5183
5184
7017
5185
5186
5187
5188
5178
5179
5180
5192
29683
5198
5199
33275
46123
5200
5201
5202
5203
9310
6183
2415
11927
5204
5191
5189
5190
5196
14182
9513
9514
46250
37293
37294
37295
37296
37297
37298
37299
35991
29988
29987
29986
35999
35998
35997
35996
29985
35995
29984
35994
35993
35992
30134
30133
33882
30132
31100
33880
30131
33881
31094
33031
31093
33032
31096
31095
33030
31092
33875
33876
33874
31098
33035
31097
33036
33033
31099
33034
33879
33877
33878
37300
33028
33029
29652
37301
46251
46004
46005
49248
44882
36068
38265
36082
36080
36079
36078
36077
46857
46855
45976
46856
45978
45977
45975
45974
4691
27295
15146
4694
9723
4642
4720
4677
4865
7959
4682
4723
24515
4684
4669
4651
4662
4655
14136
13070
4673
4695
4641
23862
4639
10107
4718
4708
4719
4675
4710
4678
4668
4867
4717
4676
4681
49245
4687
4692
4689
4657
47717
4685
4683
10332
4722
4711
4679
4686
47221
47593
4690
39380
4693
4654
40681
6394
21841
6375
6430
6374
6376
6411
41254
6393
6392
24492
6408
6384
6385
6366
7016
6367
7995
41089
40679
6413
6435
6578
6416
15775
15159
6418
41262
2411
14065
7998
7999
5260
6480
19511
19510
19520
15777
15778
2405
2289
5258
2406
10361
20715
20714
10363
5259
10362
10365
10364
2409
2408
10366
22427
22428
22429
22493
5262
2414
7132
21842
7142
24493
15776
5475
5479
9515
5480
5477
5478
5476
21083
6450
6361
6421
6359
6678
6593
8014
13088
13089
6599
36881
15144
6598
38621
14058
14059
27280
7131
15152
7136
41147
12085
39423
6400
21836
33281
14060
21833
30410
6373
20753
6372
7067
7146
6499
7141
36902
35576
38595
15971
6500
38674
6664
8005
28127
6382
8833
37349
6362
6364
15161
6592
20697
20696
8012
20695
20694
20693
36880
20692
20691
41833
20737
40621
30388
30421
20690
36887
36888
9739
41265
33248
36872
36873
36874
36875
36876
36877
36878
36879
6377
8831
8832
37397
6379
37398
6378
8790
20713
36903
20707
36901
6388
6423
9770
20689
28961
20718
28960
22582
41083
6397
39430
6399
6391
6390
37361
40652
24509
20706
37408
37409
37401
7009
23902
6451
22531
15160
6448
9719
38672
36893
22541
36894
6641
40626
24526
21864
39379
40682
41111
35811
48101
37359
17036
7992
6640
8004
41145
6642
22440
40678
44879
38577
41082
17025
6639
8816
46973
41421
35585
36198
37699
35812
36197
35814
40646
35813
41258
36196
36240
39914
36201
41263
36200
39242
39414
36199
38756
38758
36189
44110
36188
41137
40649
41255
36186
39243
36185
41422
37700
38757
41257
39915
36182
36187
36173
41264
36238
35659
38759
4857
4674
4697
27863
19811
31081
4701
4728
7962
37356
9746
4745
4656
4854
4855
4727
39412
15425
24278
9735
23874
4757
8804
4734
4748
9738
4859
4709
4670
4667
4645
31936
4724
29815
31207
4730
39875
4712
43890
14134
4750
46003
9330
4716
16709
14135
31079
4643
4644
4647
6142
4640
4827
4825
4826
4702
4715
44093
16711
9516
4646
4856
12848
4726
4652
4731
4671
7540
4587
7767
2593
5504
4666
5486
4576
2598
38932
38931
14157
14184
17567
15969
14188
15968
15967
17568
3008
5333
3532
14181
6356
2666
28970
35574
31934
7977
11984
7539
12115
8541
8540
31918
35583
2658
31047
2778
31189
35984
22580
29797
6358
9768
37369
31205
3601
3681
3104
5334
2750
3561
3065
7559
3648
19632
2655
3015
1893
6649
18080
18081
2779
1899
2614
20475
2522
18087
15462
2021
18086
5485
5336
2174
25806
13061
18055
27643
27127
26119
26118
7064
25824
27186
2623
14737
26298
1850
31031
31012
26310
13269
14732
13685
2528
10754
26292
27181
18049
19556
6541
25818
7498
26304
22520
25830
25978
2832
14727
2852
26286
2939
27191
19637
8168
20740
17020
23885
22570
38622
17958
6214
6654
7149
7985
2551
2891
2886
2882
7139
2829
2925
2825
2627
10797
6200
27678
40414
40413
40412
40415
2610
2553
2913
6494
5364
2146
2145
6492
5366
2147
5367
29792
2149
2156
5368
31913
31184
2151
5371
24507
2160
5372
44059
36249
44058
36251
36250
44060
5361
2144
2143
24539
5376
2185
5377
5378
1892
2572
1958
5373
2166
2184
5374
5375
36252
24250
36109
36113
36112
36111
36110
24251
36072
24252
24254
36213
41267
36212
37355
37357
36211
36210
36208
21084
6143
2930
2620
5193
4672
2588
8808
4661
5482
4660
2589
4659
4863
39421
35582
39411
49772
49771
49770
49769
49768
49767
49766
49765
49764
35561
29958
29962
32202
29959
2595
29961
29960
22435
44412
44423
44411
44422
44433
44414
44425
44413
44424
44430
44432
44420
44431
44419
44416
44427
44415
44426
44437
44418
44429
44417
44428
44434
44436
44435
44441
44440
44421
44438
44439
1932
2579
1965
1963
1905
13069
1969
12235
42167
42200
42321
43894
42168
42169
42324
43296
43297
43298
44223
42166
43299
42329
41832
42326
43294
43295
42196
42197
44971
42199
44970
44211
42318
44217
42192
42194
42195
42190
42191
42189
42344
43312
42185
42186
42187
42220
42341
42188
43233
42181
42182
42183
42184
42180
42178
43300
42179
43301
43302
43303
42174
42175
42176
42177
42219
43304
42216
44877
42217
42218
43307
46092
42170
46099
42171
42172
46097
42173
46096
46093
46094
42487
48108
42482
46048
47258
47259
46046
42923
42925
42920
42922
42917
42918
49278
49277
46043
46041
49273
49272
43322
44654
42477
46039
44254
44650
49305
42472
44253
49304
43320
44652
43321
44255
44651
46036
49302
42912
42915
43602
42910
42905
42906
42907
49301
46034
49300
44252
49264
44247
44246
44249
42500
43314
44886
46026
49259
42505
42506
42902
42507
42508
42501
43315
42502
43316
42503
43317
42900
46022
44914
44226
44220
44213
44219
48098
44202
49292
49290
49299
46062
49297
49296
49295
42497
43344
43345
42895
43347
43341
42495
46057
42496
49282
42490
46056
42491
46053
42492
49287
46051
47261
49285
42046
42042
42043
42044
42045
43893
42040
42041
42035
42036
42037
44216
42038
42031
42152
44210
42032
42033
42198
42034
42039
42193
42030
42151
42024
42025
42026
42027
42020
42022
42023
42028
42029
41090
42015
43226
44192
43212
41873
41872
41871
43892
41870
41877
41876
41875
41874
44108
41879
41878
41907
41906
41905
41904
43292
46088
43293
44185
43290
43291
43289
44215
43285
41861
43286
41860
43287
43288
41866
41865
41864
41903
43205
41869
41868
43284
41891
41890
41895
41894
41893
41892
41897
41896
41859
44209
41880
42013
41884
41883
41882
41881
41888
41887
41886
41885
42018
41889
2582
43333
41110
43252
42164
44187
42208
42209
42206
42207
42161
43247
43241
43249
41109
42150
43240
48097
42300
43235
42147
42148
42302
43237
43231
49854
43232
42149
42303
42304
42305
42306
43223
43224
43225
44199
43221
48114
42210
43222
43228
44912
46091
46095
42003
42146
41994
41993
41992
41991
42144
41998
41997
41996
41995
42008
44186
44873
42010
42011
41822
41817
48112
48113
48111
48109
44189
46086
46084
49275
46085
46082
46083
43323
44898
46116
44897
42875
42876
46070
43282
43283
46071
43279
42467
42460
43274
44880
46068
42463
43277
46069
42945
42946
44928
41815
42942
41814
42943
43318
42944
43270
46067
43272
43273
49253
43267
42455
43346
43263
48116
46015
43264
46016
43265
43266
46014
42457
42459
49280
44196
44190
43256
43278
43334
42301
43258
43335
44188
43253
43332
42469
41829
43245
43246
43268
42456
43242
43243
43244
42458
43261
43262
1607
1833
2534
6515
6514
1609
43214
42005
44221
43330
43210
43331
41112
42001
43211
43216
41856
41999
43219
46087
43201
43202
43203
43204
43220
43200
41844
41843
43207
43328
43329
42365
42366
42520
42367
42521
42368
42489
42522
42361
42362
42363
42484
42364
42369
42523
42360
42355
42356
42357
42471
42474
42516
42517
42518
42519
42358
42479
42359
42514
42515
43281
42464
42345
42466
42340
42468
42504
42299
42453
43269
42335
42298
43260
44194
43257
43259
43255
42325
42310
42311
42312
42313
43248
42319
42314
42315
42316
42317
44200
42307
42308
42309
44206
42499
42372
42373
42494
42374
42370
42371
42201
42202
42203
43336
42163
42165
42204
42205
42160
42162
42156
42157
42158
42159
42153
42155
42145
43234
43236
44205
42461
43310
43238
43239
42211
42212
42213
42214
42215
43227
43305
43306
44193
42486
42488
42885
42483
42485
42527
42528
42886
42524
42887
42525
42526
49271
42480
42481
49276
42475
42871
42476
42510
42478
42511
42874
46037
42473
49303
42870
42913
42512
42513
43603
42509
42908
49267
42470
44251
46032
49263
49262
43280
49261
46789
42465
44887
46029
43275
46027
42462
43276
49258
42901
42903
43271
46020
49255
49254
49252
49251
42454
49249
46013
42452
44195
46012
47981
46010
48132
44201
44207
44208
49293
49291
49298
42498
42894
42896
42493
43340
43342
43343
42892
42897
42899
49281
49288
49286
42882
42883
49319
42884
49318
49317
49316
49315
42880
49314
42881
46047
49313
42888
42889
49312
46045
49311
46042
49310
49309
42872
49308
42873
49307
49306
44495
42879
49260
49268
49266
49265
46028
46024
46025
43319
46023
46021
46019
46011
44214
46075
46076
46073
46074
46072
42940
42941
42938
42939
46063
49843
49325
46058
49324
42937
42930
42931
42927
42928
42929
46055
49323
49322
49321
49320
46052
46050
41990
42002
42047
42004
42048
42049
42006
42007
42009
44204
42064
42021
42065
42066
42060
42061
42062
42063
42057
42014
42058
42059
42016
42053
42054
44198
42055
42012
42056
42017
42019
42050
42051
42052
43213
43215
41837
43217
43218
43324
43325
43326
43206
43327
41899
41898
44197
44191
41910
41912
41911
41909
41908
41862
41863
41902
43888
41901
43889
41867
41900
44203
41851
41850
41855
41854
41853
41852
41858
41857
41849
41840
41842
41841
41848
41847
41845
41839
18665
18509
4377
4168
4514
4270
13589
17467
13660
13680
22550
22551
13769
13649
13664
15524
13643
13665
15523
13662
15521
13668
17469
13644
13666
13667
13671
13770
13650
13672
13670
13653
15513
13654
13676
14941
15512
15511
13652
13674
15510
13658
13655
13677
14942
13656
13678
15514
6655
4848
4732
29799
31920
4703
31191
19566
19587
19524
19568
18358
19545
19589
18670
27362
31211
27366
23781
19526
18514
19547
18982
18202
19532
29819
19573
19531
19553
19552
19574
20747
27358
34096
31025
27374
31940
21708
27370
19984
12592
24502
5329
8777
3486
3485
9062
3484
3483
3240
3482
8010
9066
9063
9064
2942
3238
2941
3479
3237
3478
3236
3477
3235
3234
9072
9073
9076
3491
9074
3490
3927
3249
3488
8778
9487
8553
9488
9486
7501
8554
9489
8555
25842
25844
3261
3260
25845
3937
15926
15925
8547
8548
3931
7617
15923
15922
15921
8200
7076
5330
7510
8560
7075
3946
3708
31042
2212
2211
7505
8558
8559
7507
7506
5580
8453
9300
7087
25825
25827
7488
9029
9304
9303
10052
25820
8570
25822
25821
3715
3716
5577
7514
5578
7513
5579
3710
3711
4526
3712
3713
3714
7495
25836
7494
25839
25838
7496
9039
25831
25833
25832
7490
7493
25834
7492
3727
3728
25792
9306
3725
9289
7541
9287
9045
9046
7543
25808
7542
25809
9043
9286
9044
9283
9284
2929
7535
7538
2927
7537
25815
25814
9056
6982
25819
13273
6983
3233
3232
3231
3230
9291
9054
25810
9055
9053
3229
3503
3502
3501
7549
7548
2934
20730
13001
11064
10807
10899
14739
10898
10934
10933
14738
10815
10935
20729
10891
14731
16910
11982
10893
13002
10892
14730
16599
14735
10773
14736
14733
14734
10942
13659
14902
14903
10704
10828
13015
14742
15436
13016
14743
10387
13013
14740
11992
13014
14741
10389
13019
14900
10388
14901
10787
10941
11997
13017
14744
10940
10786
13018
14745
15437
11040
12010
10877
14717
14718
10912
10914
11969
10913
14719
10992
10871
10870
11964
10921
11977
14728
14729
10927
14720
14047
10760
12025
10884
14724
14725
10765
14722
14723
13040
13041
14094
14095
12593
13044
13045
13042
13284
14093
10857
14939
13048
13049
13046
13047
13051
13052
13050
20547
10745
10746
10900
11959
22560
14940
16600
12005
30976
18037
10390
10392
13022
10391
10394
13020
10393
13021
10829
10954
10835
10956
10955
10396
13026
13268
10395
13024
13266
10793
13025
13267
10830
13029
13270
21057
13034
13276
13031
18046
10844
10968
10849
13037
13038
13035
13036
11016
10963
13039
10962
17961
21823
22997
19749
19987
19755
19754
19750
25632
21714
18709
18704
18705
18706
18707
18700
18701
18703
19720
23823
18994
23821
23822
31055
19723
18999
19725
20560
18697
18698
18973
18692
19023
18693
19022
18694
19025
18695
19024
23002
18691
21867
21744
23000
23815
21750
23816
23817
27214
27212
27213
23373
23374
19718
31028
18988
18674
19005
18675
20477
21720
18676
20476
19007
18710
19006
20474
19001
20473
19000
20472
18673
20471
25641
21727
31010
20470
18711
18679
18712
18713
18685
19654
19016
18686
19653
19015
19656
19018
18688
19655
19017
19012
18682
19011
18683
19013
21739
18680
21733
18689
19019
25826
25828
25840
27228
27225
27748
25846
27229
25812
27223
27224
31655
18411
18577
18395
18550
18572
18551
18391
18392
18393
18394
18718
18733
18416
18421
18567
18562
18728
18547
18723
18548
18406
18549
18410
18576
18379
18699
18732
18571
18539
18717
18535
18415
18536
18537
18538
18388
18542
18389
18543
18544
18566
18545
18385
18561
18386
18387
18420
18541
18380
18381
18382
18383
18727
18722
18405
18377
18531
18575
18532
18533
18731
18373
18374
18375
18376
18530
18370
18371
18570
18419
18716
18414
18367
18565
18368
18687
18369
18523
18721
18560
18681
18726
18529
18409
18524
18404
18525
18526
18527
18399
18553
18554
18412
18555
18556
18578
18397
18573
18398
18719
18557
18734
18417
18400
18422
18401
18563
18407
18729
18568
18724
18730
18413
18677
18574
18418
18517
18715
18518
18519
18559
18520
18564
18521
18720
18362
18363
18364
18365
18361
18408
18403
18569
18725
44983
44986
39553
44980
39552
41612
28479
41611
41610
44987
41615
28473
28474
41609
41608
28472
28477
28478
28475
28476
39557
39559
39558
39560
39562
39561
39565
44992
44977
41604
44979
41603
28480
28481
44984
39551
39550
44985
39555
44982
39554
44981
28514
41613
28515
28512
28513
28518
44988
41616
28516
28517
41614
44989
28471
41607
28510
28511
39556
28470
44994
28509
39564
44991
39563
44990
41602
41601
28468
28469
41606
41605
44978
28462
28463
28461
41618
28466
28467
28464
28465
39567
16671
16693
16692
16691
16690
16653
16675
16697
16674
16696
16673
16695
16650
16672
16694
16657
16679
16656
16678
16655
16677
16654
16659
16660
16681
22889
16680
16642
16663
16662
16661
16668
16667
16689
16644
16666
16688
16665
16648
16669
16641
16683
16645
16643
16698
16687
16702
16651
16684
16699
16649
16647
16685
16700
16686
16701
16631
16630
16635
16634
16557
16633
16632
16639
16638
16637
16636
16629
16628
16627
17013
17522
16640
15965
22445
22910
19997
19996
27249
25639
25638
31027
25640
31072
25798
25800
25799
21289
30838
21707
21706
21705
31070
24296
23780
18979
30822
30821
23779
18980
18981
23331
23332
25058
22486
22487
23316
23778
30079
30078
33608
30837
33607
18667
17853
30853
37327
18668
17854
21290
37328
18669
30854
19045
19035
19030
19040
18977
18993
19038
18972
18995
19028
19033
18991
18970
18992
19043
18997
18998
18971
19027
19037
18984
18985
19032
19042
18969
18975
18986
18987
18989
19004
19029
18974
19039
19034
19044
19003
19010
19009
18976
18983
19036
19046
19041
19021
19031
18978
18355
18356
31068
18357
18511
18512
18513
9466
15541
15540
36123
37291
36128
17608
36127
17609
36126
36125
36124
17605
17606
17607
15549
17610
37289
17615
17616
17611
17612
17613
17614
20433
20432
25048
25047
25049
20437
25040
25042
25041
25044
25043
25046
25045
15528
15526
15531
20441
20440
25051
25050
25052
24363
15533
15538
15582
15581
15580
15586
13320
15585
24333
25026
24332
25025
25028
24334
25027
25029
24331
25024
24330
25023
15589
15588
15587
15505
15593
15592
15591
17015
37362
15590
15596
15595
15594
25036
20429
25039
20428
25031
25030
25033
25032
25035
25034
15515
16013
15609
15608
13307
15607
13308
15606
13302
13306
13303
13304
15571
24329
15575
15574
15573
15572
24322
24321
24324
24323
24326
24325
24328
24327
13318
13319
13312
15579
15578
13310
15577
15610
13311
15576
13316
13314
13315
14715
15508
15506
14726
15518
14721
14746
15517
15516
15960
23883
15959
15958
15963
15962
15961
15957
22530
17569
23185
15542
37290
37292
15546
15545
15544
15543
15548
15547
15553
15552
14066
15550
15555
15554
24355
24357
24356
24359
24358
20436
14716
24352
14713
14714
14712
24366
24362
24361
24364
15535
15539
15537
15536
36615
15509
15507
17014
15519
15599
15601
15600
15605
15604
15603
15602
19621
16598
22914
3881
3761
25982
26314
25988
3914
3918
27640
11980
3911
19626
19631
3770
3771
25994
26326
26166
26320
3808
10706
3762
3885
13772
3766
19636
3800
3768
26160
19721
3780
18077
18233
25686
26136
18071
25680
14836
26130
27185
10878
10916
10915
3930
3777
3810
10873
3932
18239
3933
10875
27180
14832
19726
3934
10874
18245
8561
18089
10918
18083
26148
26302
27634
10917
10919
26308
11979
26142
27195
11978
3829
27190
3821
3823
19616
19661
25668
27165
27682
25662
27200
3795
13687
14930
13684
3831
15466
18065
18221
25674
33285
27175
3849
28142
10748
26000
16601
3841
3843
12006
18227
12008
12007
27170
14943
20478
17465
10790
19641
3860
27667
10833
10832
26296
10834
10958
10957
10836
10959
3851
10791
10794
3853
26290
19646
10831
13271
25816
6981
3871
19651
25656
14926
3904
27672
3909
25650
10961
3866
10960
18352
15563
18196
21702
18664
18040
23775
18508
4580
4584
4585
4575
2088
4577
4578
4579
6396
6434
33295
27269
33276
36865
36868
6420
36871
30396
36897
39429
6350
6353
6352
6355
6357
6370
36869
6347
6369
6446
36863
6349
36864
36866
36867
6363
36870
36892
6360
36895
36896
33299
13071
13072
6634
35579
4698
7026
7025
6456
6455
27268
6623
6622
6548
6624
6606
6483
6560
6460
6562
6561
13077
6621
13075
6458
6612
9748
6611
6459
7511
7963
4696
4861
4653
4699
1996
1960
1959
2000
2010
2015
21800
2026
2044
2041
8387
8377
15914
8360
22537
22539
22532
20698
6596
9745
36882
6591
20699
28858
2668
28973
36883
36885
36889
21796
8820
8821
6401
28868
21799
2834
6638
20310
6651
6412
28833
6490
28838
20710
6403
8703
6402
8704
6405
6404
2728
6407
6406
6648
6409
8705
8563
20720
28843
28848
2731
7504
2857
10170
28818
10050
28139
6667
10176
28828
6565
20703
24501
20700
27297
36837
28148
2758
27668
2921
28873
6568
2926
6605
2769
6584
9298
6583
6585
7151
27272
2774
9724
27271
10049
37373
38583
39431
41113
37410
13043
40622
30380
33250
21869
40624
13802
13847
13841
15149
11983
39384
37360
24868
15150
13011
37364
13097
38576
40655
33282
11955
10346
20752
13262
39775
13263
40647
21843
31015
35577
10759
35575
30406
31018
16779
15097
17994
36890
40630
36891
38673
28128
23877
10843
10801
10924
33267
32253
13796
10882
17959
27270
4211
4332
3365
3244
27645
27644
1611
3118
2788
27641
27642
2300
1694
2827
1614
3804
1622
2710
3806
27653
3125
3645
2837
3408
3802
2714
2835
3385
3383
2723
3138
3410
3791
3552
2063
3549
2697
3147
3146
3784
3562
3043
3559
3837
3557
3799
3833
3835
3574
3057
3572
3174
3172
2358
3100
3066
3581
2250
2525
2888
3613
3337
3578
3611
2246
3576
2808
2806
1838
2529
3354
3352
3351
1688
3349
2810
3347
3586
2819
4435
4314
4315
3868
4353
2373
2071
2767
2765
1697
3599
3597
3377
3399
8806
3178
3099
27654
2361
2262
3372
3370
3825
27670
2437
27671
2359
3827
3369
3367
6535
4456
4335
13256
6517
3844
1847
1769
6519
3605
3429
4333
27646
3242
1855
3639
14850
14851
3912
3651
2287
27656
3405
2556
3402
1862
7966
3647
3407
4231
3386
3142
15928
3415
2566
3411
3653
3654
4482
3427
3426
2335
3423
3421
15931
15930
10401
3680
6676
1781
2352
3165
2351
2350
3163
1657
27681
2861
3678
3691
6682
3692
6445
3211
2363
3177
7090
2083
3847
3208
3206
3203
3201
1708
15477
3858
2922
2884
27664
27662
10156
3619
3854
3856
2802
3616
3191
3870
2540
27679
1723
3625
3623
3906
3622
3467
3908
2530
3627
4361
6444
6631
6675
27657
3416
2426
10403
2830
3861
3642
9749
1728
6674
3442
27649
2270
27647
1732
3916
2862
6443
3694
2364
7091
7092
27659
3447
27652
27650
3443
27651
3883
4379
3887
6530
6533
17463
2298
3188
3457
27663
3213
3454
7110
4360
3670
6588
3431
3473
3471
3947
3469
10405
2850
3668
1803
4516
14869
8452
14894
8365
21798
8451
8358
8356
8373
8449
2915
10158
14868
6473
9065
3481
3239
14852
14853
10652
31061
9075
3928
3929
3489
3487
3920
3921
6516
3922
5289
7500
9082
3935
3936
15927
3257
15924
7616
7077
7078
7512
10646
3706
3707
3709
7502
3700
3701
3945
7508
7088
7484
5581
7483
9301
5582
6672
7486
5583
5584
7487
9305
9027
9302
7489
9028
2194
7482
2193
7481
4381
9037
6685
7499
9038
4388
7094
9030
4380
9308
6572
9040
4390
1673
2365
4389
3699
2924
6582
7552
2933
3500
7547
7546
10161
10160
14006
14003
10166
10179
3726
3258
8546
3499
3944
24538
6398
6389
6381
16597
11900
26152
11904
36884
36886
26164
10707
11916
10660
11876
10666
29808
20395
10756
13747
26133
10594
20393
14830
20392
36900
14833
13592
2220
30991
31200
10805
10763
26115
11944
11948
26111
10618
26112
30989
30988
11940
15474
26127
10624
12529
10749
26124
26123
10588
18039
18035
31929
10679
11888
11924
10714
11880
10672
11920
10798
18048
18203
26108
26109
31003
11932
10606
27278
10847
10728
14005
10686
10840
36898
36899
10600
10721
2076
25795
34087
26435
25635
25955
34237
26275
33894
34387
38548
6630
1699
2424
2786
6625
6627
6626
21797
22526
22527
21795
6487
22529
21793
8664
21792
8665
9193
2436
2399
2398
2552
1625
6410
8797
1633
2565
2322
2321
1639
6663
7996
2334
6414
2619
6417
2616
10402
1801
6419
6551
10171
10174
1778
2349
2348
7997
10175
10177
6428
6564
5073
2514
2513
1786
2753
2476
7022
6570
7024
6452
2375
2374
5083
2526
2763
2487
3850
7019
2527
6462
15970
10163
10162
2386
5093
6580
2257
10165
10164
6613
10169
10168
2539
1845
33286
7961
9205
11008
11080
31021
11032
18045
19530
11056
23001
10928
10651
10663
10984
11061
11060
11030
11054
10965
10810
10964
31046
10989
10988
10936
11078
11012
10640
11036
11013
11885
10982
11037
10894
11006
42890
42924
42936
42926
42877
42893
42891
42932
42935
42921
42878
42919
42934
42914
42911
42909
42916
42904
42898
42933
25949
25948
11020
26157
11068
10650
10972
12998
25958
25957
19634
19633
25959
12087
25950
25952
25951
25954
25953
25956
31023
18038
25961
18073
25960
25963
25962
25965
25843
25964
31057
31056
25683
11044
11884
10996
18044
18041
18042
25659
14080
12109
10767
26145
30998
9465
9464
23904
11062
18198
10990
12991
10597
13028
15472
13030
13033
13032
10966
11014
11896
10642
11038
12027
10886
10643
21834
31016
11042
10671
11066
10970
10994
11018
10621
31019
10969
11041
11065
10993
11017
11083
11071
11053
10987
10657
10975
10999
11023
11011
11077
10981
11047
11035
11005
11059
11029
8798
9737
13000
26139
25665
10656
10978
24495
11002
10851
11026
25837
11050
11074
18061
25677
12108
11957
26163
31048
12028
11063
11021
10932
10979
10890
11069
11027
10973
21754
19554
21753
19551
11075
21757
21756
21755
11033
10985
11039
11081
21769
21768
11009
13309
10997
11045
13301
11003
10991
13305
11886
21772
11051
21771
21770
10967
31049
10806
13313
11057
11015
13317
11897
47919
47918
47916
47922
47923
47920
47921
47928
47917
47915
19643
19642
18671
10645
10661
2051
20396
20394
11928
31931
31932
31203
31202
12706
12707
11894
11893
12644
11901
10814
11905
10772
10771
14068
10668
11877
10667
11873
10590
31050
10876
10758
10757
24351
24353
10750
10595
20688
10800
10764
10173
10855
10856
10619
12082
24345
24347
10625
10627
10589
23903
23905
23906
10708
10716
10715
11881
10792
10673
11882
13272
10680
11890
10601
10722
31005
31004
10848
10729
10607
10167
14004
10842
10687
10841
27128
26117
26116
27285
30387
26150
27286
30389
27284
27124
27125
27122
26156
27123
28170
26126
26125
26169
26162
27132
26120
26122
27135
28147
26121
26165
35785
26168
28145
31029
26173
31014
26172
27187
26175
26174
26177
26132
26176
26179
27188
26178
27182
27183
26171
31218
26170
31217
26184
26183
35767
26186
26185
28164
26187
26180
26182
26181
26114
27129
27126
27120
27121
26110
32244
26113
27282
30984
27139
27137
27138
27131
27130
32235
27136
27133
27134
27291
30400
30405
31219
30407
30402
30401
30404
30403
27119
28163
33301
28642
29655
28962
30393
29654
30999
28162
10609
11902
11945
10858
11906
11949
10730
10774
12997
11941
12996
12083
24344
11878
10744
10626
10703
10702
10669
11917
10662
10620
11874
20397
10591
10709
11921
10879
11925
13027
10596
12530
10675
10752
10674
10751
10795
10710
24367
10602
11933
10723
10689
10920
10802
10603
10724
10608
30990
10682
10681
14048
12105
12104
10688
11898
12107
12106
11988
10658
11903
10930
11072
11879
10705
11993
11871
10664
11875
10592
27986
25688
25689
11965
11960
20391
10598
12017
11048
11961
20681
25697
25696
10888
25691
10768
25690
10804
25693
25692
25695
25694
10881
11973
10762
12029
10976
10616
11024
30985
30987
30986
20389
20388
20701
12528
10747
11956
30971
12001
10586
10622
10712
10678
10838
10670
11000
11883
31017
11887
10677
18043
10719
11899
10604
10846
10726
27312
31001
31000
11891
10684
11895
10720
26312
26318
28616
26272
26271
31112
26274
34105
31874
31873
26276
33893
33891
26277
34100
31879
38545
38547
31876
31875
26270
31878
31877
26324
26328
26329
26283
31861
26282
26285
31863
26284
35787
31862
31869
31868
26281
31867
27227
29405
29409
27222
26269
26268
29416
26306
27197
27230
27198
27196
29413
27235
27199
35641
29410
35809
33903
35769
31829
29469
33291
31818
31817
34097
34093
29475
29474
29473
29472
35588
29478
29477
29476
31946
31825
31827
31947
29471
31821
29470
31822
26335
26334
34120
26337
26336
27149
26339
26338
27143
31654
31653
26331
27146
27300
29446
31890
26330
26333
27144
35333
31892
26332
27145
31891
31814
31656
26346
34110
26345
26347
29458
27153
29452
31882
26340
34115
26342
26341
26344
31881
26343
27156
31880
38557
31889
31888
14230
14231
31060
23324
15807
15806
10659
15805
16806
10647
10653
15825
17855
17856
26159
21827
26153
10812
24491
10770
11985
10654
31063
11990
11872
31059
11962
12018
20684
13593
10648
10172
10854
10178
12084
20704
24346
13661
27279
11892
13673
13679
9463
24354
24350
10655
14239
14240
24365
24348
24349
24360
10649
14245
12030
12033
11987
13008
13006
13007
10701
31065
10785
10350
20712
10637
20685
10925
12024
10883
10885
31034
24506
10869
10743
11889
10799
12100
12031
12019
15975
17954
17640
17641
14254
14255
13842
13843
15822
14262
16822
17637
13797
17638
14267
17639
14246
13798
12034
13009
11070
13012
10788
10998
11046
10872
10753
20687
10766
11058
16626
16625
11022
10850
10974
10732
10731
25796
25797
10986
11034
10711
10718
10717
11010
11929
10725
10808
10809
10816
10351
10690
12999
20702
11082
10676
10683
12032
10937
11067
10895
22528
11915
11079
10665
11043
27987
10593
20390
10599
10995
20682
10769
10923
11055
12023
12026
37374
11943
10617
31032
11947
10971
11031
10623
10587
10983
11919
11923
11007
10159
11019
31002
10727
10605
11939
11931
38542
38543
29428
26279
30381
29420
34106
26273
34103
26278
34101
29422
31111
33253
31110
33892
38546
32206
30378
26287
29435
28984
30379
32799
33888
26280
33889
29404
29408
29407
31851
29402
31857
29419
29418
29411
33902
31845
33900
31828
33292
31837
27160
31831
31819
27299
31948
31826
31820
34121
27148
27142
31652
26293
29441
27140
27141
35335
28994
27147
26299
31813
31816
31815
31658
38554
27159
29453
27154
34117
27151
34116
27152
27157
33266
27158
33300
27155
34111
38556
27150
30678
13023
11918
11922
11926
13005
11942
11934
11950
40663
37771
40662
40661
39470
38905
38906
38907
38908
38909
38900
38901
38902
38903
38890
38891
38892
37760
38893
37761
38894
37762
38895
37804
37805
37806
37763
38896
37764
38897
38898
37766
38899
37767
37768
37769
37802
37803
39410
37750
41057
37751
40367
37754
38920
37755
38921
37756
38922
37757
38923
37758
38924
37759
39482
37781
40758
40757
37749
38916
38917
38918
37742
37786
37743
37744
38910
37745
38911
37746
38912
37747
37748
37770
39311
37772
39313
37773
37774
39315
37775
39314
37777
37810
37778
37811
40380
37779
40410
40409
37807
40408
37808
37809
37765
39308
39309
37790
37792
37793
37794
37795
40406
40405
40404
38926
38927
37752
37780
37782
37783
37784
38915
38919
37785
37787
37788
37789
38913
38914
37797
37812
37816
37796
37801
37791
37815
37753
37800
37776
37798
37813
37799
37814
38904
38928
38925
39310
39312
40411
40407
19588
25628
19546
25629
19580
25984
27369
25789
25788
18657
18659
19549
18663
18345
18346
19557
18347
18501
18666
18660
19550
18662
25631
25630
25633
25634
25790
25990
25791
25794
25793
18506
18507
18348
19559
18349
18503
18504
25804
19567
18351
25644
18350
19529
19528
19577
19535
19578
19571
19570
19536
19538
31115
40639
27755
29659
22899
22916
22917
22891
22892
22893
22894
22895
22896
22897
22898
22890
22888
22921
22900
22922
22901
22923
22902
22924
22903
22904
22884
22885
22886
22887
22918
22919
21743
21742
21741
21761
21703
21745
21766
23834
23814
23839
23818
23829
23776
23844
26016
26158
26317
26316
26319
26011
26026
25996
25998
25997
25999
26021
26017
26012
26005
26027
26004
26323
26006
26325
26022
26003
26322
26002
23845
23824
23835
23782
23840
23830
23820
23777
21751
21762
21709
21749
21704
21748
21747
21767
26138
26019
26294
26295
25981
26014
26135
25980
26134
25979
25972
26301
25974
25973
25976
26009
25975
26140
26141
26300
26024
23769
23837
23827
23771
23793
23794
23796
23797
23798
23842
23799
23832
23800
23790
23791
23792
21721
21698
21764
21696
21718
21717
21726
21759
21725
21724
21723
21719
29821
31038
31939
19639
31942
19635
19640
21924
31213
31210
19527
29818
21817
22540
23037
19539
31009
31008
18213
18214
19623
18215
31037
19629
19628
19625
19624
18218
19627
18219
18223
18224
18225
18226
18220
19630
21204
18236
18237
18230
18231
18199
18232
31052
18238
18359
19733
18241
18242
18243
18200
18244
18209
19735
19734
18207
18208
19736
18058
18059
18257
19620
18258
28817
18259
18057
18211
18051
28812
28856
18052
28853
18053
28810
28854
28815
28859
28857
28814
31036
28851
19507
18069
18067
18068
18189
28822
28866
18062
18260
18261
28826
28827
28824
28862
28863
28861
19514
18036
28877
18074
28832
28876
31051
28837
18070
18192
28836
28874
28871
28809
18204
18088
28842
28846
18082
28841
19618
19617
19619
18205
19614
31007
18206
19613
19615
23768
23836
23826
23783
23784
23774
23785
23786
23841
23787
23831
23788
23770
21710
21697
21763
21695
21715
21758
21713
21701
21712
21711
25969
25968
26018
25967
25966
26013
26128
26008
26129
26023
25970
26289
26288
23812
23802
23803
23804
23805
23838
23806
23828
23808
23772
23773
23810
23843
23811
23833
23809
21699
21732
21765
21731
21730
21760
21729
21738
21737
21736
21735
21700
26313
26015
25985
25987
25986
26151
26010
26154
26311
25993
26147
26305
26307
26020
26144
25992
26025
26146
25991
46049
46080
46081
46044
49279
46040
49274
44653
46038
46035
46079
44250
46033
46077
46078
44248
46066
46064
46065
46060
46061
49250
49294
46059
49289
46054
47262
49284
47260
49283
42323
42320
43337
43338
43339
42328
42354
42350
42351
42352
44212
42353
44218
42343
43311
43313
42346
42347
42348
42349
42333
42334
42330
42331
43308
43309
42336
42337
42338
42339
46031
49270
46018
49257
46017
46030
49269
49256
46118
19980
22906
27218
27219
19719
19724
31039
21941
19722
30819
22543
20754
30850
19717
30823
31850
31830
33673
31870
31835
31838
31832
31856
31833
31855
31839
36011
31841
31849
31843
31864
31844
31883
31885
31884
31824
31887
31886
31823
31871
33662
31847
31859
31865
31853
33658
31852
31858
31834
31840
31846
33655
33656
33659
33657
36012
33660
33661
18256
18247
18248
18252
18253
18254
18255
25652
18250
18251
20558
20545
31022
18249
18098
18099
18110
18094
18095
18096
18097
18091
18092
18093
18102
18201
18103
18104
19612
18105
18100
18101
27177
18106
18107
18108
18109
37331
25666
25667
33611
25660
25661
30825
30820
25637
25636
30851
31026
30857
33609
33606
37325
37326
30852
33605
30855
37329
25642
30082
30841
30836
19647
19648
19638
18354
18190
18515
19572
25664
28811
28816
18063
28820
18064
25676
28821
25679
25678
28825
25671
23097
25649
18076
25685
28831
18075
28835
25682
28830
25684
19974
25653
25658
28840
19622
18217
30977
18229
18235
18193
20716
31053
19729
24528
19730
27232
19977
27361
18263
18264
18265
18266
20705
18262
18197
18194
18195
18360
18212
19519
19518
19517
19521
19523
18191
20709
19525
30992
28855
28852
28850
19508
19509
19506
19513
19512
28867
28864
28865
28869
28860
19515
19516
28839
28834
20680
28844
28845
27357
28849
28847
28819
19543
19540
18056
18050
28813
28829
28823
19522
18033
18034
28875
28870
28872
18047
19533
28808
19534
31006
31066
20708
22569
17960
27365
21830
21835
19561
19564
22579
35778
20683
21816
29816
30994
30993
31208
30996
19544
19542
19548
19555
18502
22538
39774
25643
25646
25645
25647
31937
18658
20748
18510
31054
19569
18516
31041
31024
25673
25672
25655
25654
19537
30817
37330
30816
30818
37333
36129
30824
37320
37321
37322
30813
37323
30812
37324
30815
30814
19601
30081
30084
30083
30080
33598
33599
19607
19606
19609
19608
19603
19602
19605
37318
19604
37319
19610
30071
30070
30073
30072
30075
30074
30076
30069
33610
30849
21916
33600
33601
30856
33604
33602
33603
30839
30840
21042
30846
30845
30848
30844
30828
30829
36133
36132
36131
36130
30834
30830
30833
30832
30847
23863
21815
30077
30835
30831
19585
19582
19565
19563
19560
19576
19575
31040
30995
30980
19558
18505
18672
19744
19743
19746
19745
19645
19644
19649
19650
17962
19584
19586
19581
27373
20686
19579
42000
41836
43209
43208
41846
41838
35430
34582
34589
34588
34587
35555
34586
34585
34584
35398
41144
34572
34570
35382
35381
41429
35380
34734
34579
34733
34577
34731
34574
35375
34560
35374
35373
35372
35371
35370
34602
34723
34601
34722
34600
34721
34566
34565
35379
34564
35378
35377
34562
34729
34728
34726
34604
34603
34724
34550
35364
35363
35362
34712
34557
34556
34555
35369
35644
34554
35368
35367
34552
35366
34551
35365
35640
34719
34718
34717
34716
34714
34559
34713
37376
34547
34701
34546
34545
35634
34544
34543
34542
34709
34708
34707
34706
34704
35639
34549
34703
34548
34702
39782
39781
37363
39784
39783
37365
40656
40657
34536
34535
34534
34533
34532
34531
34530
35586
37367
39424
34537
40645
39778
34594
43627
34593
34592
35560
34591
34590
34599
34598
34597
34596
34595
35563
37348
22998
22999
22913
27082
19753
19756
21937
20546
21203
17983
21202
22911
22912
22905
22907
22908
22909
19728
19731
20734
20742
18079
18085
20739
20736
27240
19748
18661
19751
20711
20722
19741
19740
20735
30979
19739
19738
19611
30442
30441
30444
30443
30460
30440
30449
30446
32823
30445
30448
30447
30453
30475
30452
30474
30455
30454
30451
30473
30450
30472
30457
30456
30459
30458
30480
30464
30463
30466
30477
30465
30470
30462
30461
30468
30479
30467
30478
30469
12580
12589
12092
39788
13758
16937
12917
12915
12584
12919
12582
12591
17321
17322
17323
17324
17330
10837
17329
17325
17326
17327
17328
12051
13091
13090
15551
15527
15525
15530
15532
8039
10911
10897
13642
13640
13641
10953
10939
10926
13648
13646
13647
10813
10827
14053
8038
10635
12234
30973
15145
10929
11989
10824
10825
10783
10782
11994
10909
10908
11966
10755
10887
10922
10803
10880
10761
11974
13682
13683
31030
13686
10699
10698
10852
10866
10867
12002
10741
10740
10839
10796
10950
10951
10845
12101
12588
45017
45016
44304
44303
48203
12590
10931
10938
23880
31033
13688
10896
13771
15475
15473
10868
10826
2993
12003
11995
10784
15165
2650
10910
11967
13748
14831
14834
10952
31933
29813
14927
14924
10889
14925
14928
31044
31204
11975
39596
40703
38629
37412
37413
36354
31663
31662
30251
36355
41656
41655
27902
27901
33110
33839
28887
14051
10349
12055
16781
14045
11937
22558
22559
15147
29809
12094
16936
31930
29811
29810
31201
11936
10700
10742
14929
14050
31035
28974
29426
30385
27243
33249
29432
31109
35810
29483
29482
29481
29480
32254
32252
33293
35592
29464
29462
31950
29468
29467
35631
29466
29465
34090
33284
34099
33283
34095
29479
34080
33273
33271
34085
28637
34082
28638
29684
32225
32226
33279
32221
28992
32229
33263
29450
33890
26436
26438
26437
26439
33897
33898
33896
26474
26432
26431
38544
38549
38550
38551
38552
26468
26480
26462
26486
38555
33901
29829
27242
30983
27217
27098
27099
27106
27107
27105
27108
27109
27220
27102
27103
27100
27101
27117
27118
27115
27116
27113
27234
27114
27112
31221
28639
29653
27205
27203
27204
27087
30981
27088
27085
27086
35578
27202
29686
27080
27084
27081
27077
27096
27097
27078
27079
27091
27094
27095
27092
27093
30997
27241
30982
31073
29825
35783
27104
31013
41087
27110
35765
27111
28169
29827
29826
27215
27176
27173
27174
27179
27178
27941
32224
39776
28590
31043
27089
27083
26447
26446
25670
27090
25648
26452
31011
35760
26466
25705
25704
25707
25706
26434
26433
25701
27209
25700
25703
27207
25702
27208
26471
26430
27166
27161
27939
27938
26445
26483
26440
27210
26443
26442
27172
27940
25699
25698
26429
26428
26465
27991
27192
42342
42332
42322
43254
42327
44109
43250
43251
25803
25805
25807
25802
25801
41088
35781
25813
35763
27233
25848
25849
25862
25861
25864
25863
25866
25865
25867
25860
25859
25858
25851
25850
25853
25852
25855
25854
25857
25856
35589
34088
34098
26444
29656
34094
26441
17332
17333
17334
17335
17331
26485
27171
31058
34264
34263
34384
34262
34383
35593
34261
34381
34426
34424
34269
34423
34268
34389
34422
34267
34421
34265
34386
34429
34428
34427
35637
34253
34297
34296
34295
34294
34293
34292
34291
34290
34415
34414
34259
34413
34258
34412
34411
35423
34299
35421
34254
34298
38536
34419
34418
34417
35627
34416
34241
34240
34284
34283
34282
34404
35416
34249
34403
35657
34402
34401
35652
34409
34408
34407
34406
35418
34396
34274
34273
34272
34271
35647
34434
34235
34279
34433
34278
34432
35642
34277
34398
34431
34430
35648
26477
26479
27184
27189
29657
34107
34104
35632
34102
34266
34109
34108
34091
34131
34130
34251
34256
34134
34133
35330
35450
34281
34129
34128
34248
35414
35656
34126
35413
34125
34246
35412
34124
35411
34123
34122
35651
34231
34118
34239
35328
35405
35404
35646
34236
35446
34114
34113
34234
34112
34233
34276
35321
35408
35407
34119
35406
29429
31113
29423
29437
29434
29406
29412
27193
27194
35636
32243
29460
30056
32234
30055
34086
29447
34083
34081
29442
29440
34089
31657
29459
29455
29454
27164
27162
27163
27168
27169
27167
27942
26456
26478
26455
26459
26470
26450
33895
26473
26476
26467
26449
26461
26482
28588
26464
35081
35091
35023
35045
35033
35021
35054
35076
35053
35086
35052
35051
35050
35038
35049
35048
35047
35046
26489
26499
26458
26504
26494
26460
26454
26453
34561
34446
34741
34563
34441
34705
34405
34746
34451
34558
34436
34711
34710
34410
34751
37840
34736
39727
29417
29438
29436
29431
29430
39691
39661
39660
39663
39696
39662
39643
39631
39664
39686
39656
39633
39655
39658
39657
39701
39648
39659
9061
36122
8370
13925
10535
13926
13923
13924
10532
13921
13922
10533
13920
8300
8781
8303
13892
8301
8302
9071
13895
15557
13896
13893
13894
13899
13897
15559
13898
15558
7100
7982
9081
9088
9086
13903
13904
13901
13902
13907
13908
13905
13906
13900
8288
8289
8286
8287
8048
7115
8280
8281
13909
8284
8285
8282
8283
13914
13915
13912
13913
13918
13919
13916
13917
8835
13910
13911
8299
20379
20378
8297
8298
8291
8050
8292
8290
8295
8296
8051
8293
8294
20371
9035
15913
15560
15564
15562
15561
20359
15568
15964
15567
15566
15565
9718
9733
8369
20363
9051
8046
9256
8454
9026
8045
8455
8043
9740
15143
10411
8783
9234
8784
9235
8385
9237
8384
8382
8819
8779
8817
7066
7981
8789
8044
7071
7072
10408
10409
8836
7121
7480
20370
9311
9036
9315
9316
9313
9314
9309
9307
8355
8357
20358
8366
8364
20362
27745
27751
28126
22553
22554
22555
9462
22556
8388
9312
8386
20745
8818
7065
7068
7069
8359
9084
8047
8367
8049
8368
7070
30390
35571
34084
27757
32233
32242
8457
15465
15464
15463
8456
8383
9052
39650
39630
39652
39685
39651
39695
39632
39654
39653
39690
39645
39700
39636
39649
39670
39692
39672
39671
39674
39673
39665
39687
39697
39634
39667
39666
39669
39702
39635
39646
39668
39637
39693
39641
39676
39698
39642
39675
39678
39677
39688
39647
39679
39638
39703
39681
39680
39683
39694
39682
39640
39684
39689
39644
39699
39704
39639
33899
38573
26488
34092
26492
26491
26493
26496
26495
26498
26497
26490
26507
38553
26500
36134
26502
26501
26503
26506
26505
41593
41592
41595
41086
41594
26448
26472
26484
32245
29415
29414
32236
35396
35395
35394
35393
35392
35391
35390
34745
34744
34743
34742
34740
35399
35036
35035
34749
34748
34747
35386
35385
35022
35384
35383
35020
34732
35027
35389
35026
35388
35025
35387
34739
34738
34737
34735
38764
38765
38766
38767
34727
36690
36694
36697
36698
43650
35591
39390
34700
43887
38612
38616
43629
35793
35794
48188
34693
34692
34699
34698
34697
34696
34695
34694
48176
48177
48175
34682
34681
34680
34687
34686
34685
34684
34683
36620
36621
36622
36623
41092
37380
35403
35645
35402
36619
35401
35400
38586
35074
35635
36849
35064
35062
35061
35060
35069
38440
35056
36706
36707
35044
40631
35042
35040
34754
34753
34752
34750
29461
39730
34583
34581
34580
34444
39779
34449
34730
34454
37843
34439
35070
35029
35079
35034
35089
35030
35073
35084
35072
35094
35071
29456
39731
34448
34425
34443
35598
34725
38770
34578
34576
34575
34453
37844
34438
35067
35078
35066
35088
35032
35065
35031
35083
35093
35028
35037
35068
35092
35055
35077
35087
35063
35082
35059
35058
35024
35057
29449
29448
29444
29443
34569
34447
34568
34567
34720
34420
34442
34571
34437
34452
34573
37841
34715
39728
32228
28165
39787
43644
34242
34391
43646
34390
34440
34445
34400
34450
39729
34435
34553
37842
29425
29424
29421
35080
35090
35043
35075
35041
35085
35039
42154
43230
43229
44074
46000
44084
44089
49240
30978
13595
16710
12844
21824
17311
17312
17313
17320
17318
17319
17314
17315
17316
17317
14052
10713
31045
10685
10811
10853
12851
40625
39874
29660
31116
38264
27855
32227
39780
44082
49241
36715
36716
36717
36708
36709
36710
36711
36712
36713
36714
36691
36692
36693
36695
36704
36705
36696
36687
36688
36699
36689
36700
36701
36702
36703
17340
17336
17337
17338
17339
2397
2550
9186
1733
4204
4205
4209
15151
8661
6365
6486
2320
2680
27655
3127
2555
2554
6635
6650
12097
3023
2693
2691
2689
2446
2687
2685
6647
1758
2725
9771
13078
2066
3550
2061
7074
10525
2612
2611
2059
2695
17955
4095
6671
2473
2470
7086
4094
6440
3053
3052
2755
6437
6439
1824
5087
4430
4431
3068
3064
4309
1686
3105
3102
4313
6457
2419
39395
34382
35350
34380
35590
34388
35355
39785
35347
35346
35587
35344
35420
35415
35653
34395
34394
34392
43625
40629
35643
34397
2396
2395
3363
2548
2422
2268
2421
2420
2708
2549
8662
8786
2562
2434
2433
6513
2719
8811
2319
2318
8796
12098
2331
2294
1756
1754
2447
2563
6544
1766
3547
1764
2332
6432
2347
13726
2346
2345
2344
2485
2484
3570
5072
2511
2478
2510
1827
1825
7021
2372
2371
2370
5082
2524
2523
7018
6602
6461
2384
2383
3076
5092
2537
2536
1685
3345
6632
6590
27648
2427
2389
2543
7958
8805
21794
2440
8381
1867
8794
2296
2569
2325
1872
6523
7978
8668
7112
6422
7073
10404
2338
10529
10528
7108
2618
2859
6433
2624
2189
6425
7117
6668
1659
2626
5074
6566
2911
3205
23891
2517
7023
6454
2491
7020
5084
2402
10157
6463
8006
9297
5094
2377
2376
2893
6579
4450
4330
4452
2423
4444
4324
6468
4446
4326
4448
4328
10531
3092
6482
4220
6520
4222
6368
4213
4214
4216
4218
4111
4113
2448
2169
3256
3498
4103
4224
4105
4226
4109
2735
10526
4115
4117
6415
2739
4119
2617
2737
2615
6552
8697
2078
2745
2743
2741
6424
27296
2475
6436
3723
5088
27669
3182
6567
6569
1836
23879
4440
6586
4320
4442
4322
3077
2260
27274
3106
27674
4439
6617
34247
34245
35356
34244
34243
41094
34230
34252
34250
43623
38618
34257
34255
34232
34143
34142
34141
34140
34149
34148
34147
34146
34145
34144
35340
34139
34138
34137
34136
34135
35331
35339
35338
35337
35336
35332
34154
35320
34153
34152
34151
34150
35327
35448
35326
35325
35324
35445
35323
35444
35322
35329
6597
2792
31192
2790
2425
2542
2388
6469
6589
6505
4341
8666
8667
4343
4465
2798
2796
2794
4339
2439
4470
4351
4472
4232
4474
4233
4476
2450
29800
2568
2324
2323
4345
4467
4347
4468
4349
4480
4241
4243
4124
4245
2337
10527
1643
4235
4478
4237
4239
4133
4135
3160
2622
4126
4247
6669
6426
4141
4143
5079
4145
3176
7093
15915
4137
4139
2516
5089
2490
1711
2800
2401
2400
5099
8361
27675
9209
2817
31921
2430
2231
2393
2392
9185
2547
2228
2546
2343
2662
2508
2507
8660
2560
2482
2481
5071
2316
2239
1821
2315
2356
2355
2431
1682
3541
5081
2328
1753
2369
3535
1752
2368
3017
2367
1751
2521
1750
2520
6603
2329
3539
6542
2342
2341
2660
5091
2381
2380
1684
2058
1605
2418
2417
4172
20731
4173
4174
9226
9461
10412
4183
6522
1743
6497
9083
7615
5570
5571
6665
5576
10407
6139
5067
8450
4528
4277
2928
2923
4284
4285
4286
2139
5086
4197
4198
3013
3001
3020
4091
3317
2469
3019
2664
3313
2443
2057
4422
4305
4307
34393
35361
35360
34399
34385
35353
35352
35351
35359
35358
35633
35357
35354
35638
35342
35341
35349
35348
35345
35343
35628
34260
34304
34303
34302
34301
34300
37353
34280
34275
34270
34238
35565
37347
9485
9042
9355
14261
14260
14265
14263
14264
9092
10536
16819
9091
14258
14259
16821
14256
16820
14257
17636
9069
9068
9060
13804
13805
13803
13808
13809
13806
13807
13800
9078
9079
9070
13815
13816
13813
13814
13819
13817
13818
13811
13812
13810
9089
13868
13869
9080
13862
13863
13860
13861
13866
13867
13864
13865
13870
9090
13873
13874
13871
13872
13877
13875
13876
13848
13849
13840
13844
13845
9034
9032
9033
13859
13857
13858
13851
13852
13850
13855
13856
13853
13854
9048
9049
13826
13827
13824
13825
13828
13829
13822
13823
13820
13821
9058
9059
13792
13793
13790
13791
9050
13837
13838
13835
13836
13839
13830
13794
13795
13833
13834
13831
13799
13832
6190
2390
2304
2303
2544
6501
6504
2441
4181
1740
8793
6498
2570
7613
7614
8564
5572
5573
5574
7116
2339
1882
7082
5060
1810
2102
6666
5075
1670
5588
2518
3724
5085
2492
1953
6587
5095
9736
8788
27658
3660
3662
6371
4508
4501
4502
3656
4504
3658
4506
2453
4510
3664
4512
3666
2477
3209
6609
6608
3215
2805
2804
3475
5090
6614
6502
4569
6633
6518
6531
6652
3145
3144
6525
7079
4365
3149
6534
6537
6536
4371
4373
4375
4255
4497
2870
7080
7081
4367
4369
6427
4260
7098
4262
4264
6442
4266
2880
2878
2876
2874
2872
4258
6559
4150
6571
3180
4272
4152
4156
3185
2094
2889
27660
27661
4268
4162
6581
4164
4166
4160
2895
4158
17310
17307
17308
17309
17306
2703
2938
15916
8378
6354
8787
15157
17024
8795
7103
7105
12011
7104
24511
24513
24512
7976
12013
12012
12015
12014
12016
12020
12022
12021
6380
7107
7106
30974
40641
40640
40643
8000
8001
16782
6616
7089
9087
9085
2116
2125
2133
5213
4527
4182
2039
14250
14251
14252
14253
15819
15821
15820
47179
47201
47180
47181
47177
47199
47178
47200
47175
47197
47176
47198
47195
47174
47196
47182
47183
47194
47168
47169
47191
47170
47192
47190
47166
47188
47167
47189
47164
47186
47165
47187
47173
47184
47163
47185
47171
47193
47172
43895
35597
38771
49242
50252
50449
50253
50255
50254
50256
8011
8008
8009
9766
9767
24514
6387
17032
37400
15164
6573
6575
7140
6447
8007
4454
2093
2449
1642
1871
10103
2444
2109
1635
1648
24143
22574
24005
9510
2452
2451
1800
1649
14234
14235
5481
8379
8390
8372
8371
2202
2201
10534
15823
8363
14244
8389
8380
8362
14247
14243
14241
14242
14229
6395
35594
34540
40658
39773
35459
35458
35457
35456
38605
38606
40634
34286
34285
40644
34289
34288
34287
41105
39381
35451
35334
35410
35449
35409
35626
48183
48184
35397
35438
34689
34688
38768
38592
43891
35595
35630
38623
35463
35462
35461
35460
35467
35466
35465
35464
35443
35433
34690
43648
35629
34539
34538
35428
35452
35455
35454
35376
35453
38591
40637
35566
35649
48180
48189
48186
48179
48191
48181
48182
48187
48185
48178
48174
36624
36625
35862
48193
48190
34541
34691
35425
34132
34127
35447
4700
9726
4735
4736
2238
4754
12850
29807
31928
31199
9224
20367
8375
9236
10410
15520
20539
24591
24593
24592
15522
17468
24004
24006
3000
2669
3318
3515
3316
3314
3312
3311
2629
3319
3010
2999
2997
2996
2630
2959
2958
3538
3018
2961
3533
2960
3014
2661
1891
3275
3274
27636
3307
2653
5324
3309
3308
2672
3321
2670
3041
2700
3039
3038
3036
6429
6681
3332
3050
3327
2677
3568
3325
3324
3322
3060
4311
3024
3343
3022
3341
27666
3339
3336
3334
2699
3028
3543
5325
5326
17971
6574
6610
6604
16935
6607
6618
6629
6628
6431
6673
3162
6683
15476
3406
3404
6677
4337
6679
3607
17464
23900
3140
3379
15929
3698
3397
24522
27990
3621
27673
5327
2816
7084
2229
6348
1908
1822
2675
2233
2496
2495
6491
3773
6524
3779
6383
2457
2500
12081
7973
3805
2236
6576
2002
3774
6464
6543
2460
2459
2497
6351
6550
12095
6577
2011
2498
6484
12096
6532
6529
6386
7114
2462
7109
2501
12114
6549
6563
6438
2488
6601
6465
6619
6615
31938
29817
20721
31209
35556
35431
39786
35426
35422
35419
35417
35437
35436
35435
35434
35439
38244
38245
38246
35650
35655
38247
38769
35870
35871
36840
35869
35441
35440
35442
35432
35427
35424
35429
35654
39777
2494
27665
1997
2226
2456
33264
3763
3764
3742
2219
2504
2465
6521
1941
9722
6620
15974
8780
2466
5379
1813
13096
1949
9288
7612
1879
7113
6485
1925
2502
6441
6466
6475
9512
7102
draft24
7111
23884
2503
2464
2264
24799
38243
36841
36842
36838
36839
35868
35567
35559
32801
32798
30758
30755
32802
32800
30757
30756
19983
19660
21065
21915
22568
23989
24634
21920
19652
21936
22545
23030
19658
19657
19659
14049
23896
8814
8815
3259
27680
6680
3456
3696
7150
8037
7980
6653
7536
6684
8458
28976
8459
12062
9285
8036
14835
2474
7137
7147
3614
8834
3096
28171
11938
11935
30972
27754
29820
31941
31212
13076
16596
16909
29824
29828
31114
31949
30057
31945
3563
3045
3243
2472
2471
3164
3579
2248
3793
6467
2242
2241
2712
2278
3218
3546
3544
2279
7101
3241
2912
6670
2812
3649
3628
2394
3540
2230
2757
2656
2468
3026
2673
2244
3775
6636
3767
2317
3011
3772
3530
27637
2654
8035
6474
2932
8033
8034
5585
5586
5587
2940
2302
3943
10530
3315
3765
3769
3310
3276
2652
3740
3741
3320
2665
3062
3790
27635
2734
2733
3788
7085
2785
3355
3090
3603
8813
13257
13258
13259
3583
3137
3575
2729
27638
3348
26782
7983
3187
27677
27639
3193
2776
3425
21052
8032
31220
31216
29658
